satellite, 48050 ONEWEB-0113 / UK
catalogue, 1 NORAD
track, 20716594
variability, 0 Not variable
variability_period, 0.0
npoints, 1146
#,
Date Time StdMag Mag Filter Penumbra Distance Phase Channel,

Date,Time,StdMag,Mag,Filter,Penumbra,Distance,Phase,Channel
2022-07-04,19:00:38.800000,8.283,8.4126,Clear,0,1215.888,71.65,5
2022-07-04,19:00:38.900000,8.297,8.42688,Clear,0,1215.852,71.678,5
2022-07-04,19:00:39,8.114,8.24471,Clear,0,1215.816,71.706,5
2022-07-04,19:00:39.100000,8.536,8.66721,Clear,0,1215.78,71.734,5
2022-07-04,19:00:39.200000,8.442,8.57303,Clear,0,1215.745,71.762,5
2022-07-04,19:00:39.300000,8.203,8.33405,Clear,0,1215.71,71.79,5
2022-07-04,19:00:39.400000,8.159,8.29082,Clear,0,1215.675,71.819,5
2022-07-04,19:00:39.500000,8.11,8.24229,Clear,0,1215.641,71.847,5
2022-07-04,19:00:39.700000,8.346,8.4786,Clear,0,1215.574,71.903,5
2022-07-04,19:00:39.800000,8.15,8.28252,Clear,0,1215.54,71.931,5
2022-07-04,19:00:39.900000,8.516,8.64942,Clear,0,1215.508,71.959,5
2022-07-04,19:00:40,8.394,8.52794,Clear,0,1215.475,71.988,5
2022-07-04,19:00:40.100000,8.365,8.49904,Clear,0,1215.443,72.016,5
2022-07-04,19:00:40.200000,8.382,8.51584,Clear,0,1215.411,72.044,5
2022-07-04,19:00:40.300000,7.992,8.12734,Clear,0,1215.38,72.072,5
2022-07-04,19:00:40.400000,8.355,8.48986,Clear,0,1215.349,72.1,5
2022-07-04,19:00:40.500000,8.528,8.66261,Clear,0,1215.318,72.129,5
2022-07-04,19:00:40.600000,8.153,8.28901,Clear,0,1215.288,72.157,5
2022-07-04,19:00:40.700000,8.443,8.57869,Clear,0,1215.258,72.185,5
2022-07-04,19:00:40.800000,8.076,8.21222,Clear,0,1215.229,72.213,5
2022-07-04,19:00:40.900000,8.378,8.5145,Clear,0,1215.199,72.242,5
2022-07-04,19:00:41,8.392,8.52884,Clear,0,1215.171,72.27,5
2022-07-04,19:00:41.100000,8.223,8.36038,Clear,0,1215.142,72.298,5
2022-07-04,19:00:41.200000,8.117,8.25518,Clear,0,1215.114,72.326,5
2022-07-04,19:00:41.300000,8.268,8.40573,Clear,0,1215.086,72.354,5
2022-07-04,19:00:41.400000,8.387,8.52524,Clear,0,1215.059,72.383,5
2022-07-04,19:00:41.500000,8.144,8.2834,Clear,0,1215.032,72.411,5
2022-07-04,19:00:41.600000,8.146,8.28484,Clear,0,1215.005,72.439,5
2022-07-04,19:00:41.700000,8.193,8.33309,Clear,0,1214.979,72.467,5
2022-07-04,19:00:41.800000,8.386,8.52586,Clear,0,1214.953,72.496,5
2022-07-04,19:00:41.900000,8.089,8.22869,Clear,0,1214.927,72.524,5
2022-07-04,19:00:42,8.221,8.3621,Clear,0,1214.902,72.552,5
2022-07-04,19:00:42.100000,8.222,8.36287,Clear,0,1214.877,72.58,5
2022-07-04,19:00:42.200000,8.279,8.41968,Clear,0,1214.853,72.609,5
2022-07-04,19:00:42.300000,8.498,8.63955,Clear,0,1214.829,72.637,5
2022-07-04,19:00:42.400000,8.315,8.45703,Clear,0,1214.805,72.665,5
2022-07-04,19:00:42.500000,8.256,8.39788,Clear,0,1214.782,72.694,5
2022-07-04,19:00:42.600000,8.225,8.36791,Clear,0,1214.759,72.722,5
2022-07-04,19:00:42.700000,8.348,8.49046,Clear,0,1214.736,72.75,5
2022-07-04,19:00:42.800000,8.127,8.26982,Clear,0,1214.714,72.778,5
2022-07-04,19:00:42.900000,8.357,8.50096,Clear,0,1214.692,72.807,5
2022-07-04,19:00:43,8.214,8.35824,Clear,0,1214.67,72.835,5
2022-07-04,19:00:43.100000,8.338,8.48179,Clear,0,1214.649,72.863,5
2022-07-04,19:00:43.200000,8.085,8.2304,Clear,0,1214.628,72.892,5
2022-07-04,19:00:43.300000,8.325,8.46976,Clear,0,1214.608,72.92,5
2022-07-04,19:00:43.400000,8.27,8.41602,Clear,0,1214.587,72.948,5
2022-07-04,19:00:43.500000,8.336,8.48179,Clear,0,1214.568,72.977,5
2022-07-04,19:00:43.600000,7.928,8.074,Clear,0,1214.548,73.005,5
2022-07-04,19:00:43.700000,8.182,8.32858,Clear,0,1214.529,73.033,5
2022-07-04,19:00:43.800000,8.244,8.3911,Clear,0,1214.51,73.061,5
2022-07-04,19:00:43.900000,8.197,8.34369,Clear,0,1214.492,73.09,5
2022-07-04,19:00:44,8.254,8.40148,Clear,0,1214.474,73.118,5
2022-07-04,19:00:44.100000,8.213,8.36055,Clear,0,1214.457,73.146,5
2022-07-04,19:00:44.200000,8.499,8.64657,Clear,0,1214.439,73.175,5
2022-07-04,19:00:44.300000,8.288,8.43736,Clear,0,1214.422,73.203,5
2022-07-04,19:00:44.400000,7.999,8.14796,Clear,0,1214.406,73.231,5
2022-07-04,19:00:44.500000,8.351,8.50052,Clear,0,1214.39,73.26,5
2022-07-04,19:00:44.600000,8.258,8.40792,Clear,0,1214.374,73.288,5
2022-07-04,19:00:44.700000,8.248,8.39788,Clear,0,1214.359,73.316,5
2022-07-04,19:00:44.800000,8.169,8.32036,Clear,0,1214.343,73.345,5
2022-07-04,19:00:44.900000,8.235,8.38556,Clear,0,1214.329,73.373,5
2022-07-04,19:00:45,7.983,8.13439,Clear,0,1214.314,73.401,5
2022-07-04,19:00:45.100000,8.161,8.31257,Clear,0,1214.3,73.43,5
2022-07-04,19:00:45.200000,8.043,8.19467,Clear,0,1214.287,73.458,5
2022-07-04,19:00:45.300000,8.171,8.32409,Clear,0,1214.274,73.486,5
2022-07-04,19:00:45.400000,8.128,8.28053,Clear,0,1214.261,73.515,5
2022-07-04,19:00:45.500000,7.991,8.14415,Clear,0,1214.248,73.543,5
2022-07-04,19:00:45.600000,7.989,8.14257,Clear,0,1214.236,73.572,5
2022-07-04,19:00:45.700000,8.107,8.26133,Clear,0,1214.224,73.6,5
2022-07-04,19:00:45.800000,8.079,8.23245,Clear,0,1214.213,73.628,5
2022-07-04,19:00:45.900000,8.029,8.18346,Clear,0,1214.202,73.657,5
2022-07-04,19:00:46,7.985,8.14036,Clear,0,1214.191,73.685,5
2022-07-04,19:00:46.100000,8.048,8.204,Clear,0,1214.181,73.713,5
2022-07-04,19:00:46.200000,7.975,8.13125,Clear,0,1214.171,73.742,5
2022-07-04,19:00:46.300000,7.961,8.11696,Clear,0,1214.161,73.77,5
2022-07-04,19:00:46.400000,8.057,8.21374,Clear,0,1214.152,73.799,5
2022-07-04,19:00:46.500000,8.095,8.25185,Clear,0,1214.143,73.827,5
2022-07-04,19:00:46.600000,8.29,8.44778,Clear,0,1214.134,73.855,5
2022-07-04,19:00:46.700000,8.258,8.41642,Clear,0,1214.126,73.884,5
2022-07-04,19:00:46.800000,8.201,8.35901,Clear,0,1214.118,73.912,5
2022-07-04,19:00:46.900000,8.11,8.26911,Clear,0,1214.111,73.94,5
2022-07-04,19:00:47,8.083,8.24176,Clear,0,1214.104,73.969,5
2022-07-04,19:00:47.100000,8.198,8.35708,Clear,0,1214.097,73.997,5
2022-07-04,19:00:47.200000,8.191,8.35094,Clear,0,1214.091,74.026,5
2022-07-04,19:00:47.300000,8.051,8.21138,Clear,0,1214.085,74.054,5
2022-07-04,19:00:47.400000,8.097,8.25746,Clear,0,1214.079,74.082,5
2022-07-04,19:00:47.500000,7.97,8.13063,Clear,0,1214.074,74.111,5
2022-07-04,19:00:47.600000,8.237,8.39828,Clear,0,1214.069,74.139,5
2022-07-04,19:00:47.700000,8.159,8.32073,Clear,0,1214.064,74.168,5
2022-07-04,19:00:47.800000,8.063,8.22493,Clear,0,1214.06,74.196,5
2022-07-04,19:00:47.895000,8.4,8.56267,Clear,0,1214.056,74.223,4
2022-07-04,19:00:47.900000,8.229,8.3923,Clear,0,1214.056,74.225,5
2022-07-04,19:00:47.995000,8.302,8.46448,Clear,0,1214.053,74.252,4
2022-07-04,19:00:48,8.219,8.3824,Clear,0,1214.053,74.253,5
2022-07-04,19:00:48.095000,8.466,8.62938,Clear,0,1214.05,74.28,4
2022-07-04,19:00:48.100000,8.362,8.52451,Clear,0,1214.05,74.281,5
2022-07-04,19:00:48.195000,8.375,8.53867,Clear,0,1214.047,74.308,4
2022-07-04,19:00:48.200000,8.106,8.26982,Clear,0,1214.047,74.31,5
2022-07-04,19:00:48.295000,8.363,8.52664,Clear,0,1214.045,74.337,4
2022-07-04,19:00:48.300000,8.28,8.4436,Clear,0,1214.045,74.338,5
2022-07-04,19:00:48.400000,8.235,8.39988,Clear,0,1214.043,74.367,5
2022-07-04,19:00:48.495000,8.609,8.77422,Clear,0,1214.041,74.394,4
2022-07-04,19:00:48.500000,8.217,8.382,Clear,0,1214.041,74.395,5
2022-07-04,19:00:48.595000,8.573,8.73839,Clear,0,1214.04,74.422,4
2022-07-04,19:00:48.600000,8.215,8.38004,Clear,0,1214.04,74.423,5
2022-07-04,19:00:48.695000,8.426,8.59209,Clear,0,1214.039,74.45,4
2022-07-04,19:00:48.700000,8.146,8.31183,Clear,0,1214.039,74.452,5
2022-07-04,19:00:48.795000,8.122,8.28759,Clear,0,1214.038,74.479,4
2022-07-04,19:00:48.800000,8.035,8.20066,Clear,0,1214.038,74.48,5
2022-07-04,19:00:48.895000,8.608,8.7748,Clear,0,1214.038,74.507,4
2022-07-04,19:00:48.900000,8.317,8.48352,Clear,0,1214.038,74.509,5
2022-07-04,19:00:48.995000,8.439,8.60636,Clear,0,1214.038,74.536,4
2022-07-04,19:00:49,8.057,8.22425,Clear,0,1214.038,74.537,5
2022-07-04,19:00:49.095000,8.547,8.71515,Clear,0,1214.039,74.564,4
2022-07-04,19:00:49.100000,8.514,8.68182,Clear,0,1214.039,74.566,5
2022-07-04,19:00:49.195000,8.286,8.45409,Clear,0,1214.039,74.593,4
2022-07-04,19:00:49.200000,8.09,8.25816,Clear,0,1214.04,74.594,5
2022-07-04,19:00:49.300000,8.088,8.2557,Clear,0,1214.041,74.622,5
2022-07-04,19:00:49.395000,8.521,8.69025,Clear,0,1214.042,74.65,4
2022-07-04,19:00:49.400000,8.232,8.40068,Clear,0,1214.042,74.651,5
2022-07-04,19:00:49.500000,8.282,8.45071,Clear,0,1214.044,74.679,5
2022-07-04,19:00:49.595000,8.365,8.53542,Clear,0,1214.047,74.706,4
2022-07-04,19:00:49.600000,8.046,8.21644,Clear,0,1214.047,74.708,5
2022-07-04,19:00:49.695000,8.511,8.68066,Clear,0,1214.049,74.735,4
2022-07-04,19:00:49.700000,8.321,8.49133,Clear,0,1214.049,74.736,5
2022-07-04,19:00:49.800000,8.001,8.17106,Clear,0,1214.052,74.765,5
2022-07-04,19:00:49.895000,8.234,8.40445,Clear,0,1214.056,74.792,4
2022-07-04,19:00:49.900000,7.902,8.07252,Clear,0,1214.056,74.793,5
2022-07-04,19:00:49.995000,8.243,8.41436,Clear,0,1214.06,74.82,4
2022-07-04,19:00:50,8.154,8.32521,Clear,0,1214.06,74.822,5
2022-07-04,19:00:50.095000,8.25,8.42186,Clear,0,1214.064,74.849,4
2022-07-04,19:00:50.100000,8.177,8.34941,Clear,0,1214.064,74.85,5
2022-07-04,19:00:50.195000,8.205,8.37724,Clear,0,1214.068,74.877,4
2022-07-04,19:00:50.200000,8.147,8.31887,Clear,0,1214.068,74.879,5
2022-07-04,19:00:50.295000,8.223,8.39625,Clear,0,1214.073,74.906,4
2022-07-04,19:00:50.300000,8.239,8.41237,Clear,0,1214.073,74.907,5
2022-07-04,19:00:50.395000,8.578,8.75134,Clear,0,1214.078,74.934,4
2022-07-04,19:00:50.400000,8.297,8.47019,Clear,0,1214.079,74.935,5
2022-07-04,19:00:50.500000,8.397,8.56992,Clear,0,1214.084,74.964,5
2022-07-04,19:00:50.595000,8.396,8.57031,Clear,0,1214.09,74.991,4
2022-07-04,19:00:50.600000,8.21,8.38358,Clear,0,1214.09,74.992,5
2022-07-04,19:00:50.695000,8.521,8.69454,Clear,0,1214.096,75.019,4
2022-07-04,19:00:50.700000,8.22,8.39429,Clear,0,1214.096,75.021,5
2022-07-04,19:00:50.795000,8.163,8.33746,Clear,0,1214.103,75.048,4
2022-07-04,19:00:50.800000,8.461,8.63606,Clear,0,1214.103,75.049,5
2022-07-04,19:00:50.895000,8.094,8.26855,Clear,0,1214.11,75.076,4
2022-07-04,19:00:50.900000,8.369,8.544,Clear,0,1214.11,75.078,5
2022-07-04,19:00:50.995000,8.613,8.7876,Clear,0,1214.117,75.105,4
2022-07-04,19:00:51,8.185,8.36132,Clear,0,1214.118,75.106,5
2022-07-04,19:00:51.095000,8.318,8.49399,Clear,0,1214.125,75.133,4
2022-07-04,19:00:51.100000,8.37,8.54583,Clear,0,1214.125,75.135,5
2022-07-04,19:00:51.195000,8.634,8.80947,Clear,0,1214.133,75.162,4
2022-07-04,19:00:51.200000,8.257,8.43323,Clear,0,1214.133,75.163,5
2022-07-04,19:00:51.295000,8.135,8.31211,Clear,0,1214.142,75.19,4
2022-07-04,19:00:51.300000,8.181,8.35747,Clear,0,1214.142,75.192,5
2022-07-04,19:00:51.395000,8.244,8.42061,Clear,0,1214.15,75.219,4
2022-07-04,19:00:51.400000,8.029,8.20601,Clear,0,1214.151,75.22,5
2022-07-04,19:00:51.495000,8.234,8.41184,Clear,0,1214.16,75.247,4
2022-07-04,19:00:51.500000,8.262,8.43985,Clear,0,1214.16,75.249,5
2022-07-04,19:00:51.595000,8.57,8.74817,Clear,0,1214.169,75.276,4
2022-07-04,19:00:51.600000,8.157,8.3354,Clear,0,1214.17,75.277,5
2022-07-04,19:00:51.695000,8.571,8.74987,Clear,0,1214.179,75.304,4
2022-07-04,19:00:51.700000,8.034,8.21281,Clear,0,1214.18,75.305,5
2022-07-04,19:00:51.795000,8.467,8.64644,Clear,0,1214.189,75.333,4
2022-07-04,19:00:51.800000,8.329,8.50844,Clear,0,1214.19,75.334,5
2022-07-04,19:00:51.895000,8.344,8.52259,Clear,0,1214.2,75.361,4
2022-07-04,19:00:51.900000,8.285,8.46423,Clear,0,1214.201,75.362,5
2022-07-04,19:00:51.995000,8.287,8.4669,Clear,0,1214.211,75.389,4
2022-07-04,19:00:52,8.261,8.4407,Clear,0,1214.212,75.391,5
2022-07-04,19:00:52.095000,8.357,8.53743,Clear,0,1214.223,75.418,4
2022-07-04,19:00:52.100000,8.134,8.31374,Clear,0,1214.223,75.419,5
2022-07-04,19:00:52.195000,8.249,8.42946,Clear,0,1214.234,75.446,4
2022-07-04,19:00:52.200000,8.067,8.24774,Clear,0,1214.235,75.448,5
2022-07-04,19:00:52.295000,8.286,8.46646,Clear,0,1214.246,75.475,4
2022-07-04,19:00:52.300000,8.105,8.28635,Clear,0,1214.247,75.476,5
2022-07-04,19:00:52.395000,8.197,8.37864,Clear,0,1214.259,75.503,4
2022-07-04,19:00:52.400000,8.204,8.38638,Clear,0,1214.259,75.505,5
2022-07-04,19:00:52.495000,8.431,8.61338,Clear,0,1214.272,75.532,4
2022-07-04,19:00:52.500000,8.146,8.32826,Clear,0,1214.272,75.533,5
2022-07-04,19:00:52.595000,8.117,8.29853,Clear,0,1214.285,75.56,4
2022-07-04,19:00:52.600000,8.19,8.37185,Clear,0,1214.286,75.562,5
2022-07-04,19:00:52.695000,8.212,8.39532,Clear,0,1214.298,75.589,4
2022-07-04,19:00:52.700000,8.407,8.5902,Clear,0,1214.299,75.59,5
2022-07-04,19:00:52.795000,8.148,8.33087,Clear,0,1214.312,75.617,4
2022-07-04,19:00:52.800000,8.189,8.37224,Clear,0,1214.313,75.619,5
2022-07-04,19:00:52.895000,8.226,8.41018,Clear,0,1214.327,75.646,4
2022-07-04,19:00:52.900000,8.176,8.35982,Clear,0,1214.327,75.647,5
2022-07-04,19:00:52.995000,8.192,8.37582,Clear,0,1214.341,75.674,4
2022-07-04,19:00:53,8.207,8.39073,Clear,0,1214.342,75.676,5
2022-07-04,19:00:53.095000,8.386,8.57064,Clear,0,1214.356,75.703,4
2022-07-04,19:00:53.100000,8.317,8.50183,Clear,0,1214.357,75.704,5
2022-07-04,19:00:53.195000,8.234,8.41936,Clear,0,1214.372,75.731,4
2022-07-04,19:00:53.200000,8.096,8.28131,Clear,0,1214.372,75.733,5
2022-07-04,19:00:53.295000,8.213,8.3986,Clear,0,1214.387,75.76,4
2022-07-04,19:00:53.300000,8.156,8.34221,Clear,0,1214.388,75.761,5
2022-07-04,19:00:53.395000,8.182,8.3682,Clear,0,1214.404,75.788,4
2022-07-04,19:00:53.400000,8.343,8.52854,Clear,0,1214.404,75.79,5
2022-07-04,19:00:53.495000,8.327,8.51341,Clear,0,1214.42,75.817,4
2022-07-04,19:00:53.500000,8.224,8.40996,Clear,0,1214.421,75.818,5
2022-07-04,19:00:53.595000,8.07,8.25661,Clear,0,1214.437,75.845,4
2022-07-04,19:00:53.600000,8.288,8.4749,Clear,0,1214.438,75.847,5
2022-07-04,19:00:53.695000,8.367,8.55391,Clear,0,1214.454,75.874,4
2022-07-04,19:00:53.700000,8.214,8.4007,Clear,0,1214.455,75.875,5
2022-07-04,19:00:53.795000,8.435,8.62344,Clear,0,1214.472,75.902,4
2022-07-04,19:00:53.800000,8.297,8.48524,Clear,0,1214.472,75.904,5
2022-07-04,19:00:53.895000,8.049,8.23659,Clear,0,1214.489,75.931,4
2022-07-04,19:00:53.900000,7.954,8.14173,Clear,0,1214.49,75.932,5
2022-07-04,19:00:53.995000,8.348,8.53697,Clear,0,1214.508,75.959,4
2022-07-04,19:00:54,8.274,8.46253,Clear,0,1214.509,75.961,5
2022-07-04,19:00:54.095000,8.114,8.30304,Clear,0,1214.526,75.988,4
2022-07-04,19:00:54.100000,8.309,8.49831,Clear,0,1214.527,75.989,5
2022-07-04,19:00:54.195000,8.292,8.48188,Clear,0,1214.545,76.016,4
2022-07-04,19:00:54.200000,8.213,8.40271,Clear,0,1214.546,76.018,5
2022-07-04,19:00:54.295000,8.23,8.41978,Clear,0,1214.565,76.045,4
2022-07-04,19:00:54.300000,8.233,8.42297,Clear,0,1214.566,76.046,5
2022-07-04,19:00:54.395000,8.649,8.83986,Clear,0,1214.584,76.073,4
2022-07-04,19:00:54.400000,7.993,8.18389,Clear,0,1214.585,76.075,5
2022-07-04,19:00:54.495000,8.46,8.65058,Clear,0,1214.605,76.102,4
2022-07-04,19:00:54.500000,8.257,8.44778,Clear,0,1214.606,76.103,5
2022-07-04,19:00:54.595000,8.65,8.84048,Clear,0,1214.625,76.13,4
2022-07-04,19:00:54.600000,8.088,8.27988,Clear,0,1214.626,76.132,5
2022-07-04,19:00:54.695000,8.207,8.3986,Clear,0,1214.646,76.159,4
2022-07-04,19:00:54.700000,8.266,8.45787,Clear,0,1214.647,76.16,5
2022-07-04,19:00:54.795000,8.103,8.29516,Clear,0,1214.667,76.187,4
2022-07-04,19:00:54.800000,8.316,8.50756,Clear,0,1214.668,76.189,5
2022-07-04,19:00:54.895000,8.143,8.33591,Clear,0,1214.688,76.216,4
2022-07-04,19:00:54.900000,8.11,8.30343,Clear,0,1214.69,76.217,5
2022-07-04,19:00:55,8.055,8.24844,Clear,0,1214.711,76.246,5
2022-07-04,19:00:55.095000,8.249,8.44308,Clear,0,1214.733,76.273,4
2022-07-04,19:00:55.100000,8.02,8.21416,Clear,0,1214.734,76.274,5
2022-07-04,19:00:55.195000,8.367,8.56057,Clear,0,1214.755,76.301,4
2022-07-04,19:00:55.200000,8.217,8.41077,Clear,0,1214.756,76.303,5
2022-07-04,19:00:55.295000,8.137,8.33165,Clear,0,1214.778,76.33,4
2022-07-04,19:00:55.300000,8.207,8.40151,Clear,0,1214.779,76.331,5
2022-07-04,19:00:55.395000,8.091,8.28586,Clear,0,1214.802,76.358,4
2022-07-04,19:00:55.400000,8.125,8.32041,Clear,0,1214.803,76.36,5
2022-07-04,19:00:55.495000,8.374,8.56968,Clear,0,1214.825,76.387,4
2022-07-04,19:00:55.500000,8.326,8.5218,Clear,0,1214.826,76.388,5
2022-07-04,19:00:55.595000,8.629,8.82515,Clear,0,1214.849,76.415,4
2022-07-04,19:00:55.600000,8.239,8.43489,Clear,0,1214.851,76.417,5
2022-07-04,19:00:55.695000,8.269,8.46558,Clear,0,1214.874,76.444,4
2022-07-04,19:00:55.700000,8.093,8.29032,Clear,0,1214.875,76.445,5
2022-07-04,19:00:55.795000,8.467,8.66362,Clear,0,1214.899,76.472,4
2022-07-04,19:00:55.800000,8.053,8.25018,Clear,0,1214.9,76.474,5
2022-07-04,19:00:55.895000,8.25,8.44823,Clear,0,1214.924,76.501,4
2022-07-04,19:00:55.900000,8.115,8.31337,Clear,0,1214.925,76.502,5
2022-07-04,19:00:55.995000,8.171,8.3694,Clear,0,1214.949,76.529,4
2022-07-04,19:00:56,8.314,8.51154,Clear,0,1214.951,76.531,5
2022-07-04,19:00:56.095000,8.365,8.56296,Clear,0,1214.975,76.558,4
2022-07-04,19:00:56.100000,8.082,8.2806,Clear,0,1214.976,76.559,5
2022-07-04,19:00:56.195000,8.277,8.47613,Clear,0,1215.001,76.586,4
2022-07-04,19:00:56.200000,8.249,8.44778,Clear,0,1215.003,76.588,5
2022-07-04,19:00:56.295000,7.99,8.18879,Clear,0,1215.028,76.615,4
2022-07-04,19:00:56.300000,8.19,8.38875,Clear,0,1215.029,76.616,5
2022-07-04,19:00:56.395000,8.289,8.48901,Clear,0,1215.055,76.643,4
2022-07-04,19:00:56.400000,8.049,8.24913,Clear,0,1215.056,76.645,5
2022-07-04,19:00:56.495000,8.219,8.41936,Clear,0,1215.082,76.672,4
2022-07-04,19:00:56.500000,8.104,8.3038,Clear,0,1215.084,76.673,5
2022-07-04,19:00:56.595000,8.436,8.63719,Clear,0,1215.11,76.7,4
2022-07-04,19:00:56.600000,8.022,8.22331,Clear,0,1215.111,76.702,5
2022-07-04,19:00:56.695000,8.457,8.65839,Clear,0,1215.138,76.729,4
2022-07-04,19:00:56.700000,8.287,8.48828,Clear,0,1215.139,76.73,5
2022-07-04,19:00:56.800000,8.488,8.69006,Clear,0,1215.168,76.759,5
2022-07-04,19:00:56.895000,8.339,8.54118,Clear,0,1215.195,76.786,4
2022-07-04,19:00:56.900000,8.327,8.52854,Clear,0,1215.197,76.787,5
2022-07-04,19:00:56.995000,8.288,8.49125,Clear,0,1215.224,76.814,4
2022-07-04,19:00:57,8.235,8.43779,Clear,0,1215.226,76.816,5
2022-07-04,19:00:57.095000,8.244,8.44737,Clear,0,1215.254,76.843,4
2022-07-04,19:00:57.100000,8.195,8.3975,Clear,0,1215.255,76.844,5
2022-07-04,19:00:57.195000,8.403,8.60738,Clear,0,1215.284,76.871,4
2022-07-04,19:00:57.200000,8.245,8.44904,Clear,0,1215.285,76.873,5
2022-07-04,19:00:57.295000,8.235,8.43881,Clear,0,1215.314,76.9,4
2022-07-04,19:00:57.300000,8.213,8.41685,Clear,0,1215.315,76.901,5
2022-07-04,19:00:57.395000,8.129,8.33397,Clear,0,1215.344,76.929,4
2022-07-04,19:00:57.400000,8.335,8.53986,Clear,0,1215.346,76.93,5
2022-07-04,19:00:57.495000,8.29,8.49528,Clear,0,1215.375,76.957,4
2022-07-04,19:00:57.500000,8.216,8.42133,Clear,0,1215.377,76.958,5
2022-07-04,19:00:57.595000,8.255,8.46122,Clear,0,1215.407,76.986,4
2022-07-04,19:00:57.600000,8.05,8.25578,Clear,0,1215.408,76.987,5
2022-07-04,19:00:57.695000,8.434,8.64026,Clear,0,1215.438,77.014,4
2022-07-04,19:00:57.700000,8.373,8.57881,Clear,0,1215.44,77.015,5
2022-07-04,19:00:57.795000,8.218,8.42482,Clear,0,1215.47,77.043,4
2022-07-04,19:00:57.800000,8.232,8.43862,Clear,0,1215.472,77.044,5
2022-07-04,19:00:57.895000,8.584,8.79098,Clear,0,1215.503,77.071,4
2022-07-04,19:00:57.900000,8.231,8.4382,Clear,0,1215.504,77.073,5
2022-07-04,19:00:57.995000,8.303,8.51067,Clear,0,1215.535,77.1,4
2022-07-04,19:00:58,8.018,8.2257,Clear,0,1215.537,77.101,5
2022-07-04,19:00:58.095000,8.477,8.68535,Clear,0,1215.569,77.128,4
2022-07-04,19:00:58.100000,8.417,8.62461,Clear,0,1215.57,77.13,5
2022-07-04,19:00:58.195000,8.311,8.51982,Clear,0,1215.602,77.157,4
2022-07-04,19:00:58.200000,8.161,8.36951,Clear,0,1215.604,77.158,5
2022-07-04,19:00:58.295000,8.373,8.58226,Clear,0,1215.636,77.185,4
2022-07-04,19:00:58.300000,8.086,8.29504,Clear,0,1215.638,77.187,5
2022-07-04,19:00:58.395000,8.203,8.41309,Clear,0,1215.67,77.214,4
2022-07-04,19:00:58.400000,8.253,8.46253,Clear,0,1215.672,77.215,5
2022-07-04,19:00:58.495000,8.162,8.3718,Clear,0,1215.705,77.242,4
2022-07-04,19:00:58.500000,8.085,8.29468,Clear,0,1215.706,77.244,5
2022-07-04,19:00:58.595000,8.547,8.75786,Clear,0,1215.74,77.271,4
2022-07-04,19:00:58.600000,8.188,8.3987,Clear,0,1215.741,77.272,5
2022-07-04,19:00:58.695000,8.179,8.3896,Clear,0,1215.775,77.299,4
2022-07-04,19:00:58.700000,8.158,8.36912,Clear,0,1215.777,77.301,5
2022-07-04,19:00:58.795000,8.112,8.32433,Clear,0,1215.81,77.328,4
2022-07-04,19:00:58.800000,8.184,8.39631,Clear,0,1215.812,77.329,5
2022-07-04,19:00:58.895000,8.274,8.48633,Clear,0,1215.846,77.356,4
2022-07-04,19:00:58.900000,8.243,8.45534,Clear,0,1215.848,77.358,5
2022-07-04,19:00:58.995000,8.149,8.36182,Clear,0,1215.883,77.385,4
2022-07-04,19:00:59,8.152,8.36485,Clear,0,1215.885,77.386,5
2022-07-04,19:00:59.095000,8.263,8.47569,Clear,0,1215.919,77.413,4
2022-07-04,19:00:59.100000,8.382,8.5945,Clear,0,1215.921,77.415,5
2022-07-04,19:00:59.195000,8.33,8.54399,Clear,0,1215.957,77.442,4
2022-07-04,19:00:59.200000,8.189,8.40311,Clear,0,1215.958,77.443,5
2022-07-04,19:00:59.295000,8.424,8.63821,Clear,0,1215.994,77.47,4
2022-07-04,19:00:59.300000,8.112,8.32564,Clear,0,1215.996,77.472,5
2022-07-04,19:00:59.395000,8.258,8.4726,Clear,0,1216.032,77.499,4
2022-07-04,19:00:59.400000,8.165,8.38007,Clear,0,1216.034,77.5,5
2022-07-04,19:00:59.495000,8.215,8.43031,Clear,0,1216.07,77.527,4
2022-07-04,19:00:59.500000,8.343,8.55823,Clear,0,1216.072,77.529,5
2022-07-04,19:00:59.595000,8.309,8.52536,Clear,0,1216.109,77.556,4
2022-07-04,19:00:59.600000,8.244,8.45999,Clear,0,1216.11,77.557,5
2022-07-04,19:00:59.695000,8.396,8.61238,Clear,0,1216.147,77.584,4
2022-07-04,19:00:59.700000,8.218,8.43365,Clear,0,1216.149,77.586,5
2022-07-04,19:00:59.795000,8.471,8.6875,Clear,0,1216.187,77.613,4
2022-07-04,19:00:59.800000,8.282,8.49919,Clear,0,1216.189,77.614,5
2022-07-04,19:00:59.895000,7.967,8.18406,Clear,0,1216.226,77.641,4
2022-07-04,19:00:59.900000,8.206,8.42338,Clear,0,1216.228,77.643,5
2022-07-04,19:00:59.995000,8.395,8.61338,Clear,0,1216.266,77.67,4
2022-07-04,19:01:00,8.359,8.57692,Clear,0,1216.268,77.671,5
2022-07-04,19:01:00.095000,8.322,8.54024,Clear,0,1216.307,77.698,4
2022-07-04,19:01:00.100000,8.121,8.3388,Clear,0,1216.309,77.7,5
2022-07-04,19:01:00.195000,8.181,8.40025,Clear,0,1216.347,77.727,4
2022-07-04,19:01:00.200000,8.106,8.32452,Clear,0,1216.349,77.728,5
2022-07-04,19:01:00.295000,8.252,8.47128,Clear,0,1216.388,77.755,4
2022-07-04,19:01:00.300000,8.099,8.31781,Clear,0,1216.39,77.757,5
2022-07-04,19:01:00.395000,8.297,8.51707,Clear,0,1216.43,77.784,4
2022-07-04,19:01:00.400000,8.217,8.43696,Clear,0,1216.432,77.785,5
2022-07-04,19:01:00.495000,8.371,8.59057,Clear,0,1216.471,77.812,4
2022-07-04,19:01:00.500000,8.207,8.42706,Clear,0,1216.474,77.814,5
2022-07-04,19:01:00.595000,8.366,8.58665,Clear,0,1216.514,77.841,4
2022-07-04,19:01:00.600000,8.32,8.54123,Clear,0,1216.516,77.842,5
2022-07-04,19:01:00.695000,8.379,8.60043,Clear,0,1216.556,77.869,4
2022-07-04,19:01:00.700000,8.011,8.23151,Clear,0,1216.558,77.871,5
2022-07-04,19:01:00.795000,8.31,8.53231,Clear,0,1216.599,77.898,4
2022-07-04,19:01:00.800000,8.345,8.56707,Clear,0,1216.601,77.899,5
2022-07-04,19:01:00.895000,8.34,8.56153,Clear,0,1216.642,77.926,4
2022-07-04,19:01:00.900000,8.131,8.35328,Clear,0,1216.644,77.928,5
2022-07-04,19:01:00.995000,8.32,8.54306,Clear,0,1216.686,77.955,4
2022-07-04,19:01:01,8.15,8.37341,Clear,0,1216.688,77.956,5
2022-07-04,19:01:01.095000,8.263,8.48589,Clear,0,1216.73,77.983,4
2022-07-04,19:01:01.100000,8.221,8.44403,Clear,0,1216.732,77.985,5
2022-07-04,19:01:01.195000,8.345,8.5692,Clear,0,1216.774,78.012,4
2022-07-04,19:01:01.200000,8.218,8.44194,Clear,0,1216.776,78.013,5
2022-07-04,19:01:01.295000,8.055,8.27881,Clear,0,1216.819,78.04,4
2022-07-04,19:01:01.300000,8.279,8.50315,Clear,0,1216.821,78.042,5
2022-07-04,19:01:01.395000,8.272,8.49721,Clear,0,1216.864,78.069,4
2022-07-04,19:01:01.400000,8.3,8.52494,Clear,0,1216.866,78.07,5
2022-07-04,19:01:01.495000,8.518,8.74307,Clear,0,1216.909,78.097,4
2022-07-04,19:01:01.500000,8.352,8.57692,Clear,0,1216.911,78.099,5
2022-07-04,19:01:01.595000,8.526,8.75208,Clear,0,1216.955,78.126,4
2022-07-04,19:01:01.600000,8.124,8.35002,Clear,0,1216.957,78.127,5
2022-07-04,19:01:01.695000,8.316,8.54241,Clear,0,1217.001,78.154,4
2022-07-04,19:01:01.700000,8.258,8.48355,Clear,0,1217.003,78.156,5
2022-07-04,19:01:01.795000,8.12,8.3471,Clear,0,1217.047,78.183,4
2022-07-04,19:01:01.800000,8.52,8.74665,Clear,0,1217.05,78.184,5
2022-07-04,19:01:01.895000,8.292,8.51935,Clear,0,1217.094,78.211,4
2022-07-04,19:01:01.900000,8.083,8.30954,Clear,0,1217.096,78.213,5
2022-07-04,19:01:01.995000,8.227,8.45468,Clear,0,1217.141,78.24,4
2022-07-04,19:01:02,8.305,8.53303,Clear,0,1217.144,78.241,5
2022-07-04,19:01:02.095000,8.223,8.45082,Clear,0,1217.189,78.268,4
2022-07-04,19:01:02.100000,8.316,8.54348,Clear,0,1217.191,78.27,5
2022-07-04,19:01:02.195000,8.433,8.66153,Clear,0,1217.237,78.297,4
2022-07-04,19:01:02.200000,8.223,8.45164,Clear,0,1217.239,78.298,5
2022-07-04,19:01:02.295000,8.217,8.44612,Clear,0,1217.285,78.325,4
2022-07-04,19:01:02.300000,8.204,8.43334,Clear,0,1217.287,78.327,5
2022-07-04,19:01:02.395000,8.219,8.44868,Clear,0,1217.333,78.354,4
2022-07-04,19:01:02.400000,8.279,8.50845,Clear,0,1217.336,78.355,5
2022-07-04,19:01:02.495000,8.389,8.62019,Clear,0,1217.382,78.382,4
2022-07-04,19:01:02.500000,7.97,8.20142,Clear,0,1217.385,78.384,5
2022-07-04,19:01:02.595000,8.378,8.60923,Clear,0,1217.432,78.411,4
2022-07-04,19:01:02.600000,8.331,8.56189,Clear,0,1217.434,78.412,5
2022-07-04,19:01:02.695000,8.422,8.65427,Clear,0,1217.481,78.439,4
2022-07-04,19:01:02.700000,8.228,8.45963,Clear,0,1217.484,78.441,5
2022-07-04,19:01:02.795000,8.409,8.64143,Clear,0,1217.532,78.468,4
2022-07-04,19:01:02.800000,8.168,8.40044,Clear,0,1217.534,78.469,5
2022-07-04,19:01:02.900000,8.539,8.77226,Clear,0,1217.584,78.498,5
2022-07-04,19:01:02.995000,8.129,8.362,Clear,0,1217.633,78.525,4
2022-07-04,19:01:03,8.175,8.40807,Clear,0,1217.635,78.526,5
2022-07-04,19:01:03.095000,8.452,8.68573,Clear,0,1217.684,78.553,4
2022-07-04,19:01:03.100000,7.953,8.18687,Clear,0,1217.686,78.555,5
2022-07-04,19:01:03.195000,8.214,8.44825,Clear,0,1217.735,78.582,4
2022-07-04,19:01:03.200000,8.242,8.47624,Clear,0,1217.738,78.583,5
2022-07-04,19:01:03.295000,8.399,8.63379,Clear,0,1217.787,78.61,4
2022-07-04,19:01:03.300000,8.217,8.45206,Clear,0,1217.79,78.612,5
2022-07-04,19:01:03.395000,8.364,8.59886,Clear,0,1217.839,78.639,4
2022-07-04,19:01:03.400000,8.227,8.46175,Clear,0,1217.842,78.64,5
2022-07-04,19:01:03.495000,8.289,8.52484,Clear,0,1217.892,78.667,4
2022-07-04,19:01:03.500000,8.387,8.6225,Clear,0,1217.895,78.669,5
2022-07-04,19:01:03.595000,8.199,8.43466,Clear,0,1217.945,78.696,4
2022-07-04,19:01:03.600000,8.103,8.33863,Clear,0,1217.948,78.697,5
2022-07-04,19:01:03.700000,8.199,8.43623,Clear,0,1218.001,78.726,5
2022-07-04,19:01:03.793000,8.26,8.49739,Clear,0,1218.051,78.752,8
2022-07-04,19:01:03.795000,8.312,8.54943,Clear,0,1218.052,78.753,4
2022-07-04,19:01:03.798000,8.297,8.53428,Clear,0,1218.053,78.754,1
2022-07-04,19:01:03.800000,8.276,8.51288,Clear,0,1218.054,78.754,5
2022-07-04,19:01:03.893000,8.362,8.59955,Clear,0,1218.105,78.781,8
2022-07-04,19:01:03.895000,8.539,8.77725,Clear,0,1218.106,78.781,4
2022-07-04,19:01:03.898000,8.325,8.56288,Clear,0,1218.107,78.782,1
2022-07-04,19:01:03.900000,8.544,8.78188,Clear,0,1218.108,78.783,5
2022-07-04,19:01:03.993000,8.098,8.33697,Clear,0,1218.159,78.809,8
2022-07-04,19:01:03.995000,8.062,8.30098,Clear,0,1218.16,78.81,4
2022-07-04,19:01:03.998000,8.302,8.54102,Clear,0,1218.162,78.811,1
2022-07-04,19:01:04,8.228,8.46727,Clear,0,1218.163,78.811,5
2022-07-04,19:01:04.093000,8.235,8.47362,Clear,0,1218.214,78.838,8
2022-07-04,19:01:04.095000,8.423,8.66205,Clear,0,1218.215,78.838,4
2022-07-04,19:01:04.098000,8.226,8.46527,Clear,0,1218.217,78.839,1
2022-07-04,19:01:04.100000,8.255,8.49397,Clear,0,1218.218,78.84,5
2022-07-04,19:01:04.193000,8.122,8.36163,Clear,0,1218.269,78.866,8
2022-07-04,19:01:04.195000,8.059,8.29911,Clear,0,1218.27,78.867,4
2022-07-04,19:01:04.198000,8.246,8.48564,Clear,0,1218.272,78.868,1
2022-07-04,19:01:04.200000,8.315,8.55495,Clear,0,1218.273,78.868,5
2022-07-04,19:01:04.293000,8.024,8.26429,Clear,0,1218.324,78.895,8
2022-07-04,19:01:04.295000,8.13,8.36953,Clear,0,1218.325,78.895,4
2022-07-04,19:01:04.298000,8.31,8.54962,Clear,0,1218.327,78.896,1
2022-07-04,19:01:04.300000,8.251,8.49136,Clear,0,1218.328,78.897,5
2022-07-04,19:01:04.393000,8.276,8.51687,Clear,0,1218.38,78.923,8
2022-07-04,19:01:04.395000,8.021,8.26176,Clear,0,1218.381,78.924,4
2022-07-04,19:01:04.398000,8.14,8.38115,Clear,0,1218.383,78.925,1
2022-07-04,19:01:04.400000,8.325,8.56561,Clear,0,1218.384,78.925,5
2022-07-04,19:01:04.493000,7.997,8.23838,Clear,0,1218.436,78.952,8
2022-07-04,19:01:04.498000,8.345,8.58613,Clear,0,1218.439,78.953,1
2022-07-04,19:01:04.500000,8.127,8.36812,Clear,0,1218.44,78.954,5
2022-07-04,19:01:04.593000,8.064,8.30573,Clear,0,1218.493,78.98,8
2022-07-04,19:01:04.598000,8.169,8.41114,Clear,0,1218.496,78.982,1
2022-07-04,19:01:04.600000,8.117,8.35884,Clear,0,1218.497,78.982,5
2022-07-04,19:01:04.693000,7.896,8.13746,Clear,0,1218.55,79.009,8
2022-07-04,19:01:04.695000,8.304,8.54568,Clear,0,1218.551,79.009,4
2022-07-04,19:01:04.698000,7.997,8.23909,Clear,0,1218.552,79.01,1
2022-07-04,19:01:04.700000,8.319,8.5605,Clear,0,1218.554,79.011,5
2022-07-04,19:01:04.793000,8.029,8.27191,Clear,0,1218.607,79.037,8
2022-07-04,19:01:04.795000,8.438,8.68095,Clear,0,1218.608,79.038,4
2022-07-04,19:01:04.798000,8.269,8.51166,Clear,0,1218.61,79.038,1
2022-07-04,19:01:04.800000,8.096,8.33901,Clear,0,1218.611,79.039,5
2022-07-04,19:01:04.893000,8.222,8.4649,Clear,0,1218.664,79.065,8
2022-07-04,19:01:04.898000,8.195,8.43746,Clear,0,1218.667,79.067,1
2022-07-04,19:01:04.900000,8.108,8.35079,Clear,0,1218.668,79.067,5
2022-07-04,19:01:04.993000,8.168,8.41182,Clear,0,1218.722,79.094,8
2022-07-04,19:01:04.998000,8.382,8.62586,Clear,0,1218.725,79.095,1
2022-07-04,19:01:05,8.149,8.39327,Clear,0,1218.726,79.096,5
2022-07-04,19:01:05.093000,8.106,8.35129,Clear,0,1218.781,79.122,8
2022-07-04,19:01:05.095000,8.423,8.66779,Clear,0,1218.782,79.123,4
2022-07-04,19:01:05.098000,8.316,8.56058,Clear,0,1218.784,79.124,1
2022-07-04,19:01:05.100000,8.276,8.5209,Clear,0,1218.785,79.124,5
2022-07-04,19:01:05.193000,8.066,8.31127,Clear,0,1218.839,79.151,8
2022-07-04,19:01:05.195000,8.303,8.54755,Clear,0,1218.84,79.151,4
2022-07-04,19:01:05.198000,8.208,8.45273,Clear,0,1218.842,79.152,1
2022-07-04,19:01:05.200000,7.943,8.18818,Clear,0,1218.843,79.153,5
2022-07-04,19:01:05.293000,7.986,8.23172,Clear,0,1218.898,79.179,8
2022-07-04,19:01:05.298000,8.461,8.70734,Clear,0,1218.901,79.181,1
2022-07-04,19:01:05.393000,8.049,8.29512,Clear,0,1218.958,79.208,8
2022-07-04,19:01:05.398000,8.115,8.36072,Clear,0,1218.961,79.209,1
2022-07-04,19:01:05.400000,8.038,8.28373,Clear,0,1218.962,79.21,5
2022-07-04,19:01:05.493000,8.045,8.29161,Clear,0,1219.017,79.236,8
2022-07-04,19:01:05.498000,8.226,8.47287,Clear,0,1219.02,79.238,1
2022-07-04,19:01:05.500000,8.58,8.82656,Clear,0,1219.022,79.238,5
2022-07-04,19:01:05.593000,8.006,8.25257,Clear,0,1219.077,79.265,8
2022-07-04,19:01:05.598000,8.448,8.6948,Clear,0,1219.08,79.266,1
2022-07-04,19:01:05.600000,8.31,8.5568,Clear,0,1219.082,79.267,5
2022-07-04,19:01:05.693000,7.963,8.21126,Clear,0,1219.138,79.293,8
2022-07-04,19:01:05.698000,8.026,8.27414,Clear,0,1219.141,79.295,1
2022-07-04,19:01:05.700000,8.261,8.50845,Clear,0,1219.142,79.295,5
2022-07-04,19:01:05.793000,7.919,8.16659,Clear,0,1219.199,79.322,8
2022-07-04,19:01:05.798000,8.26,8.50772,Clear,0,1219.202,79.323,1
2022-07-04,19:01:05.800000,8.044,8.29203,Clear,0,1219.203,79.324,5
2022-07-04,19:01:05.893000,8.18,8.42938,Clear,0,1219.26,79.35,8
2022-07-04,19:01:05.898000,8.283,8.53159,Clear,0,1219.263,79.352,1
2022-07-04,19:01:05.900000,8.488,8.73733,Clear,0,1219.264,79.352,5
2022-07-04,19:01:05.993000,8.139,8.38814,Clear,0,1219.321,79.379,8
2022-07-04,19:01:05.998000,8.373,8.62343,Clear,0,1219.325,79.38,1
2022-07-04,19:01:06,8.244,8.49353,Clear,0,1219.326,79.381,5
2022-07-04,19:01:06.093000,8.184,8.43425,Clear,0,1219.383,79.407,8
2022-07-04,19:01:06.098000,8.169,8.41917,Clear,0,1219.386,79.408,1
2022-07-04,19:01:06.100000,8.371,8.62054,Clear,0,1219.388,79.409,5
2022-07-04,19:01:06.193000,8.167,8.4175,Clear,0,1219.446,79.435,8
2022-07-04,19:01:06.198000,8.129,8.38037,Clear,0,1219.449,79.437,1
2022-07-04,19:01:06.200000,8.208,8.45879,Clear,0,1219.45,79.437,5
2022-07-04,19:01:06.293000,8.524,8.77497,Clear,0,1219.508,79.464,8
2022-07-04,19:01:06.298000,7.977,8.22822,Clear,0,1219.511,79.465,1
2022-07-04,19:01:06.300000,8.583,8.83369,Clear,0,1219.513,79.466,5
2022-07-04,19:01:06.393000,8.209,8.4608,Clear,0,1219.571,79.492,8
2022-07-04,19:01:06.398000,8.172,8.42401,Clear,0,1219.574,79.494,1
2022-07-04,19:01:06.400000,8.369,8.62103,Clear,0,1219.576,79.494,5
2022-07-04,19:01:06.493000,8.035,8.28656,Clear,0,1219.634,79.521,8
2022-07-04,19:01:06.498000,8.311,8.56288,Clear,0,1219.638,79.522,1
2022-07-04,19:01:06.500000,8.29,8.54166,Clear,0,1219.639,79.523,5
2022-07-04,19:01:06.593000,8.247,8.50021,Clear,0,1219.698,79.549,8
2022-07-04,19:01:06.598000,8.415,8.66811,Clear,0,1219.701,79.551,1
2022-07-04,19:01:06.600000,8.14,8.39287,Clear,0,1219.703,79.551,5
2022-07-04,19:01:06.698000,8.243,8.49554,Clear,0,1219.765,79.579,1
2022-07-04,19:01:06.700000,8.142,8.39525,Clear,0,1219.767,79.58,5
2022-07-04,19:01:06.793000,8.329,8.5826,Clear,0,1219.826,79.606,8
2022-07-04,19:01:06.798000,8.201,8.45523,Clear,0,1219.83,79.608,1
2022-07-04,19:01:06.800000,8.399,8.65287,Clear,0,1219.831,79.608,5
2022-07-04,19:01:06.893000,7.923,8.17811,Clear,0,1219.891,79.635,8
2022-07-04,19:01:06.898000,8.197,8.4519,Clear,0,1219.894,79.636,1
2022-07-04,19:01:06.900000,8.06,8.31471,Clear,0,1219.896,79.637,5
2022-07-04,19:01:06.993000,8.163,8.4175,Clear,0,1219.956,79.663,8
2022-07-04,19:01:06.998000,8.493,8.74748,Clear,0,1219.96,79.664,1
2022-07-04,19:01:07,8.281,8.53575,Clear,0,1219.961,79.665,5
2022-07-04,19:01:07.093000,8.041,8.29708,Clear,0,1220.022,79.691,8
2022-07-04,19:01:07.098000,8.116,8.37147,Clear,0,1220.025,79.693,1
2022-07-04,19:01:07.100000,8.328,8.5844,Clear,0,1220.026,79.693,5
2022-07-04,19:01:07.193000,8.211,8.46719,Clear,0,1220.088,79.72,8
2022-07-04,19:01:07.198000,8.157,8.41274,Clear,0,1220.091,79.721,1
2022-07-04,19:01:07.200000,8.258,8.51421,Clear,0,1220.092,79.722,5
2022-07-04,19:01:07.293000,7.902,8.15932,Clear,0,1220.154,79.748,8
2022-07-04,19:01:07.298000,8.388,8.64455,Clear,0,1220.157,79.75,1
2022-07-04,19:01:07.300000,8.298,8.55541,Clear,0,1220.158,79.75,5
2022-07-04,19:01:07.393000,8.129,8.38601,Clear,0,1220.22,79.777,8
2022-07-04,19:01:07.398000,8.158,8.41514,Clear,0,1220.224,79.778,1
2022-07-04,19:01:07.400000,8.255,8.51199,Clear,0,1220.225,79.779,5
2022-07-04,19:01:07.493000,8.357,8.61466,Clear,0,1220.287,79.805,8
2022-07-04,19:01:07.498000,7.929,8.18677,Clear,0,1220.291,79.807,1
2022-07-04,19:01:07.500000,8.077,8.33523,Clear,0,1220.292,79.807,5
2022-07-04,19:01:07.593000,8.073,8.3317,Clear,0,1220.354,79.834,8
2022-07-04,19:01:07.598000,8.204,8.46275,Clear,0,1220.358,79.835,1
2022-07-04,19:01:07.600000,8.343,8.6016,Clear,0,1220.359,79.836,5
2022-07-04,19:01:07.693000,8.135,8.39412,Clear,0,1220.422,79.862,8
2022-07-04,19:01:07.698000,8.145,8.40356,Clear,0,1220.425,79.864,1
2022-07-04,19:01:07.700000,8.636,8.89501,Clear,0,1220.427,79.864,5
2022-07-04,19:01:07.793000,8.232,8.49175,Clear,0,1220.49,79.891,8
2022-07-04,19:01:07.798000,8.491,8.75131,Clear,0,1220.493,79.892,1
2022-07-04,19:01:07.800000,8.146,8.40566,Clear,0,1220.495,79.892,5
2022-07-04,19:01:07.893000,8.144,8.40358,Clear,0,1220.558,79.919,8
2022-07-04,19:01:07.898000,8.142,8.40197,Clear,0,1220.562,79.92,1
2022-07-04,19:01:07.900000,8.182,8.44162,Clear,0,1220.563,79.921,5
2022-07-04,19:01:07.993000,8.04,8.301,Clear,0,1220.627,79.947,8
2022-07-04,19:01:07.998000,8.26,8.52092,Clear,0,1220.63,79.949,1
2022-07-04,19:01:08,8.15,8.41049,Clear,0,1220.632,79.949,5
2022-07-04,19:01:08.093000,8.211,8.47224,Clear,0,1220.696,79.976,8
2022-07-04,19:01:08.098000,8.163,8.42361,Clear,0,1220.699,79.977,1
2022-07-04,19:01:08.100000,8.373,8.63385,Clear,0,1220.701,79.978,5
2022-07-04,19:01:08.193000,8.142,8.40401,Clear,0,1220.765,80.004,8
2022-07-04,19:01:08.198000,8.323,8.58472,Clear,0,1220.769,80.006,1
2022-07-04,19:01:08.200000,8.178,8.44037,Clear,0,1220.77,80.006,5
2022-07-04,19:01:08.293000,8.1,8.36288,Clear,0,1220.835,80.033,8
2022-07-04,19:01:08.298000,8.157,8.42038,Clear,0,1220.839,80.034,1
2022-07-04,19:01:08.300000,8.235,8.4979,Clear,0,1220.84,80.035,5
2022-07-04,19:01:08.393000,8.143,8.40618,Clear,0,1220.905,80.061,8
2022-07-04,19:01:08.398000,8.5,8.76286,Clear,0,1220.909,80.062,1
2022-07-04,19:01:08.400000,8.101,8.36386,Clear,0,1220.91,80.063,5
2022-07-04,19:01:08.493000,8.061,8.32485,Clear,0,1220.976,80.089,8
2022-07-04,19:01:08.498000,8.169,8.43255,Clear,0,1220.979,80.091,1
2022-07-04,19:01:08.500000,8.302,8.56561,Clear,0,1220.981,80.091,5
2022-07-04,19:01:08.593000,8.084,8.34841,Clear,0,1221.046,80.118,8
2022-07-04,19:01:08.598000,8.16,8.42401,Clear,0,1221.05,80.119,1
2022-07-04,19:01:08.600000,8.294,8.55818,Clear,0,1221.051,80.12,5
2022-07-04,19:01:08.693000,8.136,8.40142,Clear,0,1221.118,80.146,8
2022-07-04,19:01:08.698000,8.402,8.66659,Clear,0,1221.121,80.148,1
2022-07-04,19:01:08.700000,8.276,8.54075,Clear,0,1221.123,80.148,5
2022-07-04,19:01:08.793000,8.044,8.30929,Clear,0,1221.189,80.175,8
2022-07-04,19:01:08.798000,8.412,8.67676,Clear,0,1221.193,80.176,1
2022-07-04,19:01:08.800000,8.356,8.62054,Clear,0,1221.194,80.177,5
2022-07-04,19:01:08.893000,8.123,8.38856,Clear,0,1221.261,80.203,8
2022-07-04,19:01:08.898000,8.328,8.59368,Clear,0,1221.265,80.204,1
2022-07-04,19:01:08.900000,8.101,8.36657,Clear,0,1221.266,80.205,5
2022-07-04,19:01:08.993000,7.991,8.25822,Clear,0,1221.333,80.231,8
2022-07-04,19:01:08.998000,8.362,8.62879,Clear,0,1221.337,80.233,1
2022-07-04,19:01:09,8.313,8.57968,Clear,0,1221.338,80.233,5
2022-07-04,19:01:09.093000,8.204,8.47132,Clear,0,1221.406,80.26,8
2022-07-04,19:01:09.098000,8.251,8.51827,Clear,0,1221.409,80.261,1
2022-07-04,19:01:09.100000,8.397,8.66403,Clear,0,1221.411,80.262,5
2022-07-04,19:01:09.193000,7.958,8.22583,Clear,0,1221.479,80.288,8
2022-07-04,19:01:09.198000,8.188,8.45606,Clear,0,1221.482,80.29,1
2022-07-04,19:01:09.200000,8.537,8.80486,Clear,0,1221.484,80.29,5
2022-07-04,19:01:09.293000,8.158,8.42584,Clear,0,1221.552,80.317,8
2022-07-04,19:01:09.298000,8.023,8.29048,Clear,0,1221.556,80.318,1
2022-07-04,19:01:09.300000,8.224,8.49223,Clear,0,1221.557,80.319,5
2022-07-04,19:01:09.393000,8.065,8.33373,Clear,0,1221.626,80.345,8
2022-07-04,19:01:09.398000,8.237,8.50554,Clear,0,1221.629,80.346,1
2022-07-04,19:01:09.400000,8.188,8.45668,Clear,0,1221.631,80.347,5
2022-07-04,19:01:09.493000,8.201,8.47132,Clear,0,1221.7,80.373,8
2022-07-04,19:01:09.498000,8.239,8.50859,Clear,0,1221.703,80.375,1
2022-07-04,19:01:09.500000,8.467,8.73679,Clear,0,1221.705,80.375,5
2022-07-04,19:01:09.593000,8.281,8.55048,Clear,0,1221.774,80.402,8
2022-07-04,19:01:09.598000,8.386,8.65602,Clear,0,1221.778,80.403,1
2022-07-04,19:01:09.600000,8.483,8.75272,Clear,0,1221.779,80.404,5
2022-07-04,19:01:09.693000,8.256,8.52651,Clear,0,1221.849,80.43,8
2022-07-04,19:01:09.698000,8.231,8.50162,Clear,0,1221.853,80.432,1
2022-07-04,19:01:09.700000,8.559,8.82953,Clear,0,1221.854,80.432,5
2022-07-04,19:01:09.793000,8.223,8.49409,Clear,0,1221.924,80.459,8
2022-07-04,19:01:09.798000,8.286,8.55737,Clear,0,1221.928,80.46,1
2022-07-04,19:01:09.800000,8.143,8.41413,Clear,0,1221.929,80.461,5
2022-07-04,19:01:09.893000,7.905,8.17671,Clear,0,1221.999,80.487,8
2022-07-04,19:01:09.898000,8.337,8.60893,Clear,0,1222.003,80.488,1
2022-07-04,19:01:09.993000,8.256,8.52844,Clear,0,1222.075,80.515,8
2022-07-04,19:01:09.998000,8.474,8.74639,Clear,0,1222.079,80.517,1
2022-07-04,19:01:10,8.631,8.90261,Clear,0,1222.08,80.517,5
2022-07-04,19:01:10.093000,8.322,8.5949,Clear,0,1222.151,80.544,8
2022-07-04,19:01:10.098000,8.201,8.47371,Clear,0,1222.155,80.545,1
2022-07-04,19:01:10.100000,8.254,8.52672,Clear,0,1222.157,80.546,5
2022-07-04,19:01:10.193000,7.963,8.23726,Clear,0,1222.228,80.572,8
2022-07-04,19:01:10.198000,8.473,8.74694,Clear,0,1222.232,80.574,1
2022-07-04,19:01:10.200000,8.643,8.91732,Clear,0,1222.233,80.574,5
2022-07-04,19:01:10.293000,8.053,8.32646,Clear,0,1222.305,80.601,8
2022-07-04,19:01:10.298000,8.321,8.59462,Clear,0,1222.308,80.602,1
2022-07-04,19:01:10.300000,8.238,8.51244,Clear,0,1222.31,80.603,5
2022-07-04,19:01:10.393000,8.214,8.48847,Clear,0,1222.382,80.629,8
2022-07-04,19:01:10.398000,8.3,8.57537,Clear,0,1222.386,80.63,1
2022-07-04,19:01:10.400000,8.498,8.77339,Clear,0,1222.387,80.631,5
2022-07-04,19:01:10.493000,8.229,8.504,Clear,0,1222.459,80.657,8
2022-07-04,19:01:10.498000,8.124,8.39881,Clear,0,1222.463,80.659,1
2022-07-04,19:01:10.500000,8.13,8.40445,Clear,0,1222.465,80.659,5
2022-07-04,19:01:10.593000,8.357,8.63265,Clear,0,1222.537,80.686,8
2022-07-04,19:01:10.598000,8.596,8.87217,Clear,0,1222.541,80.687,1
2022-07-04,19:01:10.600000,8.39,8.66607,Clear,0,1222.543,80.688,5
2022-07-04,19:01:10.693000,8.178,8.45489,Clear,0,1222.616,80.714,8
2022-07-04,19:01:10.698000,8.378,8.65501,Clear,0,1222.62,80.715,1
2022-07-04,19:01:10.700000,8.461,8.73788,Clear,0,1222.621,80.716,5
2022-07-04,19:01:10.793000,8.195,8.47224,Clear,0,1222.694,80.742,8
2022-07-04,19:01:10.798000,8.115,8.3921,Clear,0,1222.698,80.744,1
2022-07-04,19:01:10.800000,8.097,8.37435,Clear,0,1222.7,80.744,5
2022-07-04,19:01:10.893000,8.059,8.33656,Clear,0,1222.773,80.771,8
2022-07-04,19:01:10.898000,8.313,8.59084,Clear,0,1222.777,80.772,1
2022-07-04,19:01:10.993000,8.42,8.69807,Clear,0,1222.853,80.799,8
2022-07-04,19:01:10.998000,8.101,8.37882,Clear,0,1222.857,80.8,1
2022-07-04,19:01:11.093000,8.412,8.69073,Clear,0,1222.932,80.827,8
2022-07-04,19:01:11.098000,8.412,8.69065,Clear,0,1222.936,80.829,1
2022-07-04,19:01:11.193000,8.163,8.44318,Clear,0,1223.012,80.856,8
2022-07-04,19:01:11.198000,8.339,8.61857,Clear,0,1223.016,80.857,1
2022-07-04,19:01:11.293000,8.183,8.46262,Clear,0,1223.093,80.884,8
2022-07-04,19:01:11.298000,8.225,8.5051,Clear,0,1223.097,80.886,1
2022-07-04,19:01:11.393000,8.469,8.74972,Clear,0,1223.173,80.912,8
2022-07-04,19:01:11.398000,8.187,8.46822,Clear,0,1223.178,80.914,1
2022-07-04,19:01:11.493000,8.17,8.45082,Clear,0,1223.255,80.941,8
2022-07-04,19:01:11.498000,8.237,8.51788,Clear,0,1223.259,80.942,1
2022-07-04,19:01:11.593000,8.478,8.75987,Clear,0,1223.336,80.969,8
2022-07-04,19:01:11.598000,8.153,8.43509,Clear,0,1223.34,80.971,1
2022-07-04,19:01:11.693000,8.059,8.34145,Clear,0,1223.418,80.998,8
2022-07-04,19:01:11.698000,8.431,8.71416,Clear,0,1223.422,80.999,1
2022-07-04,19:01:11.793000,8.313,8.59593,Clear,0,1223.5,81.026,8
2022-07-04,19:01:11.798000,8.313,8.59559,Clear,0,1223.504,81.027,1
2022-07-04,19:01:11.893000,8.057,8.34067,Clear,0,1223.583,81.054,8
2022-07-04,19:01:11.898000,8.153,8.43713,Clear,0,1223.587,81.056,1
2022-07-04,19:01:11.993000,8.375,8.65902,Clear,0,1223.666,81.083,8
2022-07-04,19:01:11.998000,8.216,8.4995,Clear,0,1223.67,81.084,1
2022-07-04,19:01:12.093000,7.94,8.22501,Clear,0,1223.749,81.111,8
2022-07-04,19:01:12.098000,8.189,8.47421,Clear,0,1223.753,81.112,1
2022-07-04,19:01:12.193000,8.527,8.81279,Clear,0,1223.832,81.139,8
2022-07-04,19:01:12.198000,8.46,8.7458,Clear,0,1223.837,81.141,1
2022-07-04,19:01:12.293000,8.353,8.63896,Clear,0,1223.916,81.168,8
2022-07-04,19:01:12.298000,8.281,8.56706,Clear,0,1223.92,81.169,1
2022-07-04,19:01:12.393000,8.146,8.43262,Clear,0,1224.001,81.196,8
2022-07-04,19:01:12.398000,8.119,8.40565,Clear,0,1224.005,81.197,1
2022-07-04,19:01:12.493000,8.305,8.59217,Clear,0,1224.085,81.224,8
2022-07-04,19:01:12.498000,8.203,8.48957,Clear,0,1224.089,81.226,1
2022-07-04,19:01:12.593000,8.179,8.46646,Clear,0,1224.17,81.252,8
2022-07-04,19:01:12.598000,8.115,8.40287,Clear,0,1224.175,81.254,1
2022-07-04,19:01:12.693000,8.162,8.45099,Clear,0,1224.256,81.281,8
2022-07-04,19:01:12.793000,8.201,8.48962,Clear,0,1224.341,81.309,8
2022-07-04,19:01:12.798000,8.246,8.53477,Clear,0,1224.346,81.311,1
2022-07-04,19:01:12.893000,8.32,8.6098,Clear,0,1224.427,81.337,8
2022-07-04,19:01:12.898000,8.205,8.49518,Clear,0,1224.432,81.339,1
2022-07-04,19:01:12.993000,8.119,8.4102,Clear,0,1224.514,81.366,8
2022-07-04,19:01:12.998000,8.093,8.38398,Clear,0,1224.518,81.367,1
2022-07-04,19:01:13.093000,8.006,8.29707,Clear,0,1224.601,81.394,8
2022-07-04,19:01:13.098000,8.141,8.43182,Clear,0,1224.605,81.395,1
2022-07-04,19:01:13.193000,8.095,8.38695,Clear,0,1224.688,81.422,8
2022-07-04,19:01:13.198000,8.435,8.72692,Clear,0,1224.692,81.424,1
2022-07-04,19:01:13.293000,8.557,8.84869,Clear,0,1224.775,81.451,8
2022-07-04,19:01:13.298000,8.265,8.55696,Clear,0,1224.78,81.452,1
2022-07-04,19:01:13.393000,8.205,8.49761,Clear,0,1224.863,81.479,8
2022-07-04,19:01:13.398000,8.399,8.69166,Clear,0,1224.867,81.48,1
2022-07-04,19:01:13.493000,8.204,8.49761,Clear,0,1224.951,81.507,8
2022-07-04,19:01:13.498000,8.232,8.52585,Clear,0,1224.956,81.509,1
2022-07-04,19:01:13.593000,7.945,8.23904,Clear,0,1225.04,81.535,8
2022-07-04,19:01:13.598000,8.3,8.5937,Clear,0,1225.044,81.537,1
2022-07-04,19:01:13.693000,8.188,8.48309,Clear,0,1225.129,81.564,8
2022-07-04,19:01:13.698000,8.386,8.68084,Clear,0,1225.133,81.565,1
2022-07-04,19:01:13.793000,8.162,8.45733,Clear,0,1225.218,81.592,8
2022-07-04,19:01:13.798000,8.177,8.47336,Clear,0,1225.222,81.593,1
2022-07-04,19:01:13.893000,8.294,8.5896,Clear,0,1225.308,81.62,8
2022-07-04,19:01:13.898000,8.209,8.50516,Clear,0,1225.312,81.622,1
2022-07-04,19:01:13.993000,8.295,8.59217,Clear,0,1225.397,81.649,8
2022-07-04,19:01:13.998000,8.261,8.55787,Clear,0,1225.402,81.65,1
2022-07-04,19:01:14.093000,8.077,8.37424,Clear,0,1225.488,81.677,8
2022-07-04,19:01:14.098000,8.404,8.70102,Clear,0,1225.492,81.678,1
2022-07-04,19:01:14.193000,8.315,8.61295,Clear,0,1225.578,81.705,8
2022-07-04,19:01:14.198000,8.117,8.41524,Clear,0,1225.583,81.707,1
2022-07-04,19:01:14.293000,8.205,8.50376,Clear,0,1225.669,81.733,8
2022-07-04,19:01:14.298000,8.642,8.94082,Clear,0,1225.674,81.735,1
2022-07-04,19:01:14.393000,8.213,8.51233,Clear,0,1225.761,81.762,8
2022-07-04,19:01:14.398000,8.369,8.66759,Clear,0,1225.765,81.763,1
2022-07-04,19:01:14.493000,8.234,8.53406,Clear,0,1225.853,81.79,8
2022-07-04,19:01:14.498000,8.397,8.69737,Clear,0,1225.857,81.791,1
2022-07-04,19:01:14.593000,7.981,8.28111,Clear,0,1225.945,81.818,8
2022-07-04,19:01:14.598000,8.582,8.88188,Clear,0,1225.949,81.82,1
2022-07-04,19:01:14.693000,8.191,8.49196,Clear,0,1226.037,81.846,8
2022-07-04,19:01:14.698000,8.212,8.51304,Clear,0,1226.042,81.848,1
2022-07-04,19:01:14.793000,8.261,8.56323,Clear,0,1226.13,81.875,8
2022-07-04,19:01:14.798000,8.653,8.95458,Clear,0,1226.134,81.876,1
2022-07-04,19:01:14.898000,8.245,8.54649,Clear,0,1226.228,81.904,1
2022-07-04,19:01:14.993000,7.813,8.11617,Clear,0,1226.316,81.931,8
2022-07-04,19:01:14.998000,8.232,8.53522,Clear,0,1226.321,81.933,1
2022-07-04,19:01:15.093000,8.066,8.37004,Clear,0,1226.41,81.959,8
2022-07-04,19:01:15.098000,8.176,8.48016,Clear,0,1226.415,81.961,1
2022-07-04,19:01:15.193000,8.543,8.84673,Clear,0,1226.504,81.988,8
2022-07-04,19:01:15.198000,7.971,8.27463,Clear,0,1226.509,81.989,1
2022-07-04,19:01:15.293000,8.17,8.4752,Clear,0,1226.599,82.016,8
2022-07-04,19:01:15.298000,8.172,8.47718,Clear,0,1226.604,82.017,1
2022-07-04,19:01:15.393000,8.212,8.5176,Clear,0,1226.694,82.044,8
2022-07-04,19:01:15.398000,8.562,8.86839,Clear,0,1226.699,82.046,1
2022-07-04,19:01:15.493000,8.117,8.42289,Clear,0,1226.789,82.072,8
2022-07-04,19:01:15.498000,8.258,8.56384,Clear,0,1226.794,82.074,1
2022-07-04,19:01:15.593000,8.0,8.30652,Clear,0,1226.885,82.101,8
2022-07-04,19:01:15.598000,8.292,8.59892,Clear,0,1226.889,82.102,1
2022-07-04,19:01:15.693000,8.426,8.73318,Clear,0,1226.981,82.129,8
2022-07-04,19:01:15.698000,8.439,8.74634,Clear,0,1226.985,82.13,1
2022-07-04,19:01:15.793000,8.267,8.57481,Clear,0,1227.077,82.157,8
2022-07-04,19:01:15.798000,8.276,8.58381,Clear,0,1227.082,82.159,1
2022-07-04,19:01:15.893000,8.273,8.58192,Clear,0,1227.173,82.185,8
2022-07-04,19:01:15.898000,8.339,8.64802,Clear,0,1227.178,82.187,1
2022-07-04,19:01:15.993000,8.114,8.42245,Clear,0,1227.27,82.214,8
2022-07-04,19:01:15.998000,7.965,8.27428,Clear,0,1227.275,82.215,1
2022-07-04,19:01:16.093000,8.166,8.47567,Clear,0,1227.368,82.242,8
2022-07-04,19:01:16.098000,8.253,8.56246,Clear,0,1227.373,82.243,1
2022-07-04,19:01:16.193000,8.184,8.49478,Clear,0,1227.466,82.27,8
2022-07-04,19:01:16.198000,8.45,8.76059,Clear,0,1227.47,82.271,1
2022-07-04,19:01:16.293000,8.272,8.58294,Clear,0,1227.564,82.298,8
2022-07-04,19:01:16.298000,8.251,8.56154,Clear,0,1227.568,82.3,1
2022-07-04,19:01:16.393000,8.197,8.50899,Clear,0,1227.662,82.326,8
2022-07-04,19:01:16.398000,8.392,8.70363,Clear,0,1227.667,82.328,1
2022-07-04,19:01:16.493000,8.39,8.70257,Clear,0,1227.761,82.355,8
2022-07-04,19:01:16.498000,8.452,8.76446,Clear,0,1227.766,82.356,1
2022-07-04,19:01:16.593000,8.218,8.53065,Clear,0,1227.86,82.383,8
2022-07-04,19:01:16.598000,8.117,8.42979,Clear,0,1227.865,82.384,1
2022-07-04,19:01:16.693000,8.47,8.78355,Clear,0,1227.959,82.411,8
2022-07-04,19:01:16.698000,8.268,8.5824,Clear,0,1227.964,82.412,1
2022-07-04,19:01:16.793000,8.491,8.80525,Clear,0,1228.059,82.439,8
2022-07-04,19:01:16.798000,8.197,8.51128,Clear,0,1228.064,82.441,1
2022-07-04,19:01:16.893000,8.274,8.58908,Clear,0,1228.159,82.467,8
2022-07-04,19:01:16.898000,8.16,8.47463,Clear,0,1228.164,82.469,1
2022-07-04,19:01:16.993000,8.406,8.72211,Clear,0,1228.26,82.496,8
2022-07-04,19:01:16.998000,8.436,8.7518,Clear,0,1228.265,82.497,1
2022-07-04,19:01:17.093000,8.603,8.91937,Clear,0,1228.36,82.524,8
2022-07-04,19:01:17.098000,8.582,8.89803,Clear,0,1228.366,82.525,1
2022-07-04,19:01:17.193000,7.878,8.19462,Clear,0,1228.462,82.552,8
2022-07-04,19:01:17.198000,8.268,8.58475,Clear,0,1228.467,82.553,1
2022-07-04,19:01:17.293000,8.204,8.52242,Clear,0,1228.563,82.58,8
2022-07-04,19:01:17.298000,8.182,8.50037,Clear,0,1228.568,82.581,1
2022-07-04,19:01:17.393000,8.187,8.50471,Clear,0,1228.665,82.608,8
2022-07-04,19:01:17.398000,8.496,8.81373,Clear,0,1228.67,82.61,1
2022-07-04,19:01:17.493000,8.082,8.4011,Clear,0,1228.767,82.636,8
2022-07-04,19:01:17.498000,8.287,8.60559,Clear,0,1228.772,82.638,1
2022-07-04,19:01:17.593000,8.133,8.45325,Clear,0,1228.87,82.665,8
2022-07-04,19:01:17.598000,8.269,8.58898,Clear,0,1228.875,82.666,1
2022-07-04,19:01:17.693000,8.194,8.51377,Clear,0,1228.973,82.693,8
2022-07-04,19:01:17.695000,8.438,8.75836,Clear,0,1228.975,82.693,4
2022-07-04,19:01:17.698000,8.131,8.45115,Clear,0,1228.978,82.694,1
2022-07-04,19:01:17.793000,8.167,8.48822,Clear,0,1229.076,82.721,8
2022-07-04,19:01:17.795000,8.296,8.61652,Clear,0,1229.078,82.721,4
2022-07-04,19:01:17.798000,8.259,8.58007,Clear,0,1229.081,82.722,1
2022-07-04,19:01:17.893000,7.987,8.30929,Clear,0,1229.18,82.749,8
2022-07-04,19:01:17.895000,8.328,8.64951,Clear,0,1229.182,82.75,4
2022-07-04,19:01:17.898000,8.557,8.87941,Clear,0,1229.185,82.75,1
2022-07-04,19:01:17.993000,8.016,8.33822,Clear,0,1229.284,82.777,8
2022-07-04,19:01:17.995000,8.401,8.72306,Clear,0,1229.286,82.778,4
2022-07-04,19:01:17.998000,8.492,8.81431,Clear,0,1229.289,82.779,1
2022-07-04,19:01:18.093000,8.188,8.51137,Clear,0,1229.388,82.805,8
2022-07-04,19:01:18.095000,8.522,8.84489,Clear,0,1229.39,82.806,4
2022-07-04,19:01:18.098000,8.318,8.64059,Clear,0,1229.393,82.807,1
2022-07-04,19:01:18.193000,8.258,8.58243,Clear,0,1229.493,82.833,8
2022-07-04,19:01:18.198000,8.486,8.80968,Clear,0,1229.498,82.835,1
2022-07-04,19:01:18.293000,8.323,8.6465,Clear,0,1229.598,82.862,8
2022-07-04,19:01:18.298000,7.981,8.30466,Clear,0,1229.603,82.863,1
2022-07-04,19:01:18.393000,8.376,8.70086,Clear,0,1229.703,82.89,8
2022-07-04,19:01:18.395000,8.499,8.82411,Clear,0,1229.705,82.89,4
2022-07-04,19:01:18.398000,8.116,8.44124,Clear,0,1229.709,82.891,1
2022-07-04,19:01:18.493000,8.21,8.53601,Clear,0,1229.809,82.918,8
2022-07-04,19:01:18.495000,8.338,8.66403,Clear,0,1229.811,82.918,4
2022-07-04,19:01:18.498000,8.163,8.48871,Clear,0,1229.814,82.919,1
2022-07-04,19:01:18.593000,8.415,8.74083,Clear,0,1229.915,82.946,8
2022-07-04,19:01:18.595000,8.472,8.7984,Clear,0,1229.917,82.947,4
2022-07-04,19:01:18.598000,8.15,8.47591,Clear,0,1229.92,82.947,1
2022-07-04,19:01:18.693000,8.473,8.80025,Clear,0,1230.022,82.974,8
2022-07-04,19:01:18.695000,8.308,8.63517,Clear,0,1230.024,82.975,4
2022-07-04,19:01:18.698000,8.341,8.66759,Clear,0,1230.027,82.976,1
2022-07-04,19:01:18.793000,8.254,8.58243,Clear,0,1230.128,83.002,8
2022-07-04,19:01:18.795000,8.494,8.8223,Clear,0,1230.13,83.003,4
2022-07-04,19:01:18.798000,8.439,8.76668,Clear,0,1230.134,83.004,1
2022-07-04,19:01:18.893000,8.202,8.53017,Clear,0,1230.235,83.03,8
2022-07-04,19:01:18.895000,8.397,8.72526,Clear,0,1230.238,83.031,4
2022-07-04,19:01:18.898000,8.136,8.46409,Clear,0,1230.241,83.032,1
2022-07-04,19:01:18.993000,8.213,8.54238,Clear,0,1230.343,83.058,8
2022-07-04,19:01:18.995000,8.607,8.93555,Clear,0,1230.345,83.059,4
2022-07-04,19:01:18.998000,8.331,8.66003,Clear,0,1230.348,83.06,1
2022-07-04,19:01:19.093000,8.398,8.72676,Clear,0,1230.451,83.087,8
2022-07-04,19:01:19.095000,8.307,8.63721,Clear,0,1230.453,83.087,4
2022-07-04,19:01:19.098000,8.338,8.6681,Clear,0,1230.456,83.088,1
2022-07-04,19:01:19.193000,7.948,8.27764,Clear,0,1230.559,83.115,8
2022-07-04,19:01:19.195000,8.296,8.62556,Clear,0,1230.561,83.115,4
2022-07-04,19:01:19.198000,8.191,8.52097,Clear,0,1230.564,83.116,1
2022-07-04,19:01:19.293000,8.072,8.40326,Clear,0,1230.667,83.143,8
2022-07-04,19:01:19.295000,8.459,8.79015,Clear,0,1230.67,83.143,4
2022-07-04,19:01:19.298000,8.504,8.83538,Clear,0,1230.673,83.144,1
2022-07-04,19:01:19.393000,8.352,8.68281,Clear,0,1230.776,83.171,8
2022-07-04,19:01:19.395000,8.538,8.86922,Clear,0,1230.778,83.171,4
2022-07-04,19:01:19.398000,7.973,8.30539,Clear,0,1230.782,83.172,1
2022-07-04,19:01:19.493000,8.44,8.77195,Clear,0,1230.886,83.199,8
2022-07-04,19:01:19.495000,8.325,8.65675,Clear,0,1230.888,83.2,4
2022-07-04,19:01:19.498000,8.115,8.44701,Clear,0,1230.891,83.2,1
2022-07-04,19:01:19.593000,8.384,8.7169,Clear,0,1230.995,83.227,8
2022-07-04,19:01:19.595000,8.448,8.78139,Clear,0,1230.997,83.228,4
2022-07-04,19:01:19.598000,8.144,8.47718,Clear,0,1231.001,83.228,1
2022-07-04,19:01:19.693000,8.153,8.48635,Clear,0,1231.105,83.255,8
2022-07-04,19:01:19.698000,8.326,8.66003,Clear,0,1231.11,83.257,1
2022-07-04,19:01:19.793000,8.344,8.67779,Clear,0,1231.215,83.283,8
2022-07-04,19:01:19.798000,8.111,8.44494,Clear,0,1231.221,83.285,1
2022-07-04,19:01:19.893000,7.933,8.26843,Clear,0,1231.326,83.311,8
2022-07-04,19:01:19.898000,8.268,8.6032,Clear,0,1231.331,83.313,1
2022-07-04,19:01:19.993000,8.132,8.46646,Clear,0,1231.437,83.339,8
2022-07-04,19:01:19.998000,8.14,8.47591,Clear,0,1231.442,83.341,1
2022-07-04,19:01:20.093000,8.474,8.80964,Clear,0,1231.548,83.367,8
2022-07-04,19:01:20.098000,8.212,8.5483,Clear,0,1231.554,83.369,1
2022-07-04,19:01:20.193000,8.363,8.70029,Clear,0,1231.66,83.395,8
2022-07-04,19:01:20.198000,8.161,8.4982,Clear,0,1231.665,83.397,1
2022-07-04,19:01:20.293000,8.368,8.70485,Clear,0,1231.772,83.424,8
2022-07-04,19:01:20.298000,8.339,8.67726,Clear,0,1231.777,83.425,1
2022-07-04,19:01:20.393000,8.158,8.49572,Clear,0,1231.884,83.452,8
2022-07-04,19:01:20.398000,8.429,8.76668,Clear,0,1231.89,83.453,1
2022-07-04,19:01:20.493000,8.173,8.51185,Clear,0,1231.997,83.48,8
2022-07-04,19:01:20.498000,8.236,8.57447,Clear,0,1232.002,83.481,1
2022-07-04,19:01:20.593000,8.248,8.58755,Clear,0,1232.11,83.508,8
2022-07-04,19:01:20.598000,8.264,8.60368,Clear,0,1232.115,83.509,1
2022-07-04,19:01:20.693000,8.295,8.63467,Clear,0,1232.223,83.536,8
2022-07-04,19:01:20.698000,8.314,8.65401,Clear,0,1232.229,83.537,1
2022-07-04,19:01:20.793000,8.027,8.36753,Clear,0,1232.337,83.564,8
2022-07-04,19:01:20.798000,8.209,8.55012,Clear,0,1232.343,83.565,1
2022-07-04,19:01:20.893000,8.397,8.73847,Clear,0,1232.451,83.592,8
2022-07-04,19:01:20.898000,8.279,8.62052,Clear,0,1232.457,83.593,1
2022-07-04,19:01:20.993000,8.093,8.43484,Clear,0,1232.565,83.62,8
2022-07-04,19:01:20.998000,8.283,8.62489,Clear,0,1232.571,83.621,1
2022-07-04,19:01:21.093000,8.257,8.59991,Clear,0,1232.68,83.648,8
2022-07-04,19:01:21.098000,8.32,8.66305,Clear,0,1232.686,83.649,1
2022-07-04,19:01:21.193000,8.476,8.82038,Clear,0,1232.795,83.676,8
2022-07-04,19:01:21.198000,8.47,8.81431,Clear,0,1232.801,83.677,1
2022-07-04,19:01:21.293000,8.148,8.49196,Clear,0,1232.911,83.704,8
2022-07-04,19:01:21.298000,8.114,8.45781,Clear,0,1232.917,83.705,1
2022-07-04,19:01:21.393000,8.067,8.4115,Clear,0,1233.027,83.732,8
2022-07-04,19:01:21.398000,8.402,8.74689,Clear,0,1233.032,83.733,1
2022-07-04,19:01:21.493000,8.442,8.78786,Clear,0,1233.143,83.76,8
2022-07-04,19:01:21.498000,8.264,8.61039,Clear,0,1233.149,83.761,1
2022-07-04,19:01:21.593000,8.529,8.87507,Clear,0,1233.259,83.788,8
2022-07-04,19:01:21.598000,8.177,8.52318,Clear,0,1233.265,83.789,1
2022-07-04,19:01:21.693000,8.235,8.58192,Clear,0,1233.376,83.816,8
2022-07-04,19:01:21.698000,8.331,8.67777,Clear,0,1233.382,83.817,1
2022-07-04,19:01:21.793000,8.294,8.64224,Clear,0,1233.493,83.844,8
2022-07-04,19:01:21.798000,8.438,8.78571,Clear,0,1233.499,83.845,1
2022-07-04,19:01:21.893000,8.323,8.67127,Clear,0,1233.611,83.872,8
2022-07-04,19:01:21.898000,8.399,8.74743,Clear,0,1233.617,83.873,1
2022-07-04,19:01:21.993000,8.331,8.67963,Clear,0,1233.729,83.9,8
2022-07-04,19:01:21.998000,7.938,8.28678,Clear,0,1233.735,83.901,1
2022-07-04,19:01:22.093000,8.197,8.54709,Clear,0,1233.847,83.928,8
2022-07-04,19:01:22.098000,8.149,8.49868,Clear,0,1233.853,83.929,1
2022-07-04,19:01:22.198000,8.139,8.48874,Clear,0,1233.971,83.957,1
2022-07-04,19:01:22.293000,8.235,8.5859,Clear,0,1234.084,83.984,8
2022-07-04,19:01:22.298000,8.09,8.44078,Clear,0,1234.09,83.985,1
2022-07-04,19:01:22.393000,8.299,8.65092,Clear,0,1234.204,84.012,8
2022-07-04,19:01:22.398000,8.432,8.78402,Clear,0,1234.21,84.013,1
2022-07-04,19:01:22.493000,8.405,8.75729,Clear,0,1234.323,84.04,8
2022-07-04,19:01:22.498000,8.584,8.93588,Clear,0,1234.329,84.041,1
2022-07-04,19:01:22.593000,8.276,8.62935,Clear,0,1234.443,84.068,8
2022-07-04,19:01:22.598000,8.158,8.51135,Clear,0,1234.449,84.069,1
2022-07-04,19:01:22.693000,8.206,8.56004,Clear,0,1234.564,84.096,8
2022-07-04,19:01:22.698000,8.159,8.51266,Clear,0,1234.57,84.097,1
2022-07-04,19:01:22.793000,8.159,8.51442,Clear,0,1234.684,84.124,8
2022-07-04,19:01:22.798000,8.182,8.53712,Clear,0,1234.69,84.125,1
2022-07-04,19:01:22.893000,8.145,8.5001,Clear,0,1234.805,84.152,8
2022-07-04,19:01:22.898000,8.361,8.71564,Clear,0,1234.811,84.153,1
2022-07-04,19:01:22.993000,8.418,8.77425,Clear,0,1234.926,84.18,8
2022-07-04,19:01:22.998000,8.367,8.72256,Clear,0,1234.933,84.181,1
2022-07-04,19:01:23.093000,8.255,8.61186,Clear,0,1235.048,84.208,8
2022-07-04,19:01:23.098000,8.293,8.64982,Clear,0,1235.054,84.209,1
2022-07-04,19:01:23.193000,8.657,9.01363,Clear,0,1235.17,84.235,8
2022-07-04,19:01:23.198000,8.449,8.80627,Clear,0,1235.176,84.237,1
2022-07-04,19:01:23.293000,8.309,8.66739,Clear,0,1235.293,84.263,8
2022-07-04,19:01:23.298000,8.516,8.87403,Clear,0,1235.299,84.265,1
2022-07-04,19:01:23.393000,8.117,8.47572,Clear,0,1235.415,84.291,8
2022-07-04,19:01:23.398000,8.359,8.7183,Clear,0,1235.421,84.293,1
2022-07-04,19:01:23.493000,8.534,8.89279,Clear,0,1235.538,84.319,8
2022-07-04,19:01:23.498000,8.228,8.58729,Clear,0,1235.544,84.321,1
2022-07-04,19:01:23.593000,8.047,8.40701,Clear,0,1235.662,84.347,8
2022-07-04,19:01:23.598000,8.395,8.75505,Clear,0,1235.668,84.349,1
2022-07-04,19:01:23.693000,8.281,8.6417,Clear,0,1235.785,84.375,8
2022-07-04,19:01:23.698000,8.24,8.60056,Clear,0,1235.792,84.377,1
2022-07-04,19:01:23.793000,8.407,8.76756,Clear,0,1235.91,84.403,8
2022-07-04,19:01:23.798000,8.126,8.48745,Clear,0,1235.916,84.404,1
2022-07-04,19:01:23.893000,8.349,8.71083,Clear,0,1236.034,84.431,8
2022-07-04,19:01:23.898000,8.313,8.67506,Clear,0,1236.04,84.432,1
2022-07-04,19:01:23.993000,7.983,8.34568,Clear,0,1236.159,84.459,8
2022-07-04,19:01:23.998000,8.282,8.64534,Clear,0,1236.165,84.46,1
2022-07-04,19:01:24.093000,8.365,8.72883,Clear,0,1236.284,84.487,8
2022-07-04,19:01:24.098000,8.247,8.61062,Clear,0,1236.29,84.488,1
2022-07-04,19:01:24.193000,7.916,8.28024,Clear,0,1236.409,84.515,8
2022-07-04,19:01:24.198000,8.283,8.64683,Clear,0,1236.416,84.516,1
2022-07-04,19:01:24.293000,8.268,8.63309,Clear,0,1236.535,84.542,8
2022-07-04,19:01:24.298000,8.21,8.57465,Clear,0,1236.541,84.544,1
2022-07-04,19:01:24.393000,8.453,8.81911,Clear,0,1236.661,84.57,8
2022-07-04,19:01:24.398000,8.397,8.76277,Clear,0,1236.668,84.572,1
2022-07-04,19:01:24.493000,8.161,8.52698,Clear,0,1236.788,84.598,8
2022-07-04,19:01:24.498000,8.141,8.50696,Clear,0,1236.794,84.6,1
2022-07-04,19:01:24.593000,8.354,8.72125,Clear,0,1236.915,84.626,8
2022-07-04,19:01:24.598000,8.153,8.52017,Clear,0,1236.921,84.628,1
2022-07-04,19:01:24.692000,8.392,8.7597,Clear,0,1237.04,84.654,8
2022-07-04,19:01:24.698000,8.11,8.47762,Clear,0,1237.048,84.655,1
2022-07-04,19:01:24.792000,8.121,8.48925,Clear,0,1237.168,84.682,8
2022-07-04,19:01:24.798000,8.349,8.71777,Clear,0,1237.176,84.683,1
2022-07-04,19:01:24.892000,8.197,8.56607,Clear,0,1237.296,84.709,8
2022-07-04,19:01:24.898000,8.224,8.59343,Clear,0,1237.303,84.711,1
2022-07-04,19:01:24.992000,8.383,8.7525,Clear,0,1237.424,84.737,8
2022-07-04,19:01:24.998000,8.347,8.7167,Clear,0,1237.432,84.739,1
2022-07-04,19:01:25.092000,8.355,8.72591,Clear,0,1237.553,84.765,8
2022-07-04,19:01:25.098000,8.336,8.70667,Clear,0,1237.56,84.767,1
2022-07-04,19:01:25.192000,8.279,8.65038,Clear,0,1237.681,84.793,8
2022-07-04,19:01:25.198000,8.528,8.89885,Clear,0,1237.689,84.795,1
2022-07-04,19:01:25.293000,8.531,8.90305,Clear,0,1237.812,84.821,8
2022-07-04,19:01:25.298000,8.457,8.82898,Clear,0,1237.818,84.823,1
2022-07-04,19:01:25.393000,8.21,8.58283,Clear,0,1237.941,84.849,8
2022-07-04,19:01:25.398000,8.299,8.67149,Clear,0,1237.948,84.85,1
2022-07-04,19:01:25.493000,8.257,8.62988,Clear,0,1238.071,84.877,8
2022-07-04,19:01:25.498000,8.323,8.6962,Clear,0,1238.078,84.878,1
2022-07-04,19:01:25.592000,7.916,8.28958,Clear,0,1238.2,84.904,8
2022-07-04,19:01:25.598000,8.222,8.5958,Clear,0,1238.208,84.906,1
2022-07-04,19:01:25.698000,8.285,8.65985,Clear,0,1238.339,84.934,1
2022-07-04,19:01:25.792000,8.338,8.71372,Clear,0,1238.462,84.96,8
2022-07-04,19:01:25.798000,8.53,8.90641,Clear,0,1238.47,84.962,1
2022-07-04,19:01:25.892000,8.171,8.54709,Clear,0,1238.593,84.988,8
2022-07-04,19:01:25.898000,8.295,8.67098,Clear,0,1238.601,84.989,1
2022-07-04,19:01:25.992000,8.31,8.68692,Clear,0,1238.725,85.016,8
2022-07-04,19:01:25.998000,8.326,8.70247,Clear,0,1238.733,85.017,1
2022-07-04,19:01:26.092000,8.444,8.82165,Clear,0,1238.857,85.043,8
2022-07-04,19:01:26.098000,8.205,8.58306,Clear,0,1238.865,85.045,1
2022-07-04,19:01:26.192000,8.259,8.63739,Clear,0,1238.989,85.071,8
2022-07-04,19:01:26.198000,7.956,8.33423,Clear,0,1238.997,85.073,1
2022-07-04,19:01:26.292000,7.943,8.32168,Clear,0,1239.122,85.099,8
2022-07-04,19:01:26.298000,8.131,8.50959,Clear,0,1239.13,85.101,1
2022-07-04,19:01:26.392000,8.38,8.7597,Clear,0,1239.255,85.127,8
2022-07-04,19:01:26.398000,8.443,8.82252,Clear,0,1239.263,85.128,1
2022-07-04,19:01:26.492000,8.27,8.65092,Clear,0,1239.388,85.155,8
2022-07-04,19:01:26.498000,8.163,8.54434,Clear,0,1239.396,85.156,1
2022-07-04,19:01:26.592000,8.646,9.02664,Clear,0,1239.522,85.182,8
2022-07-04,19:01:26.598000,8.442,8.82311,Clear,0,1239.53,85.184,1
2022-07-04,19:01:26.692000,7.915,8.29702,Clear,0,1239.656,85.21,8
2022-07-04,19:01:26.698000,8.058,8.43996,Clear,0,1239.664,85.212,1
2022-07-04,19:01:26.792000,8.099,8.48177,Clear,0,1239.79,85.238,8
2022-07-04,19:01:26.798000,8.304,8.68739,Clear,0,1239.798,85.24,1
2022-07-04,19:01:26.892000,7.964,8.3465,Clear,0,1239.925,85.266,8
2022-07-04,19:01:26.898000,8.184,8.56676,Clear,0,1239.933,85.267,1
2022-07-04,19:01:26.992000,8.312,8.69597,Clear,0,1240.06,85.293,8
2022-07-04,19:01:26.998000,8.207,8.59106,Clear,0,1240.068,85.295,1
2022-07-04,19:01:27.092000,8.331,8.71545,Clear,0,1240.195,85.321,8
2022-07-04,19:01:27.098000,8.345,8.72951,Clear,0,1240.203,85.323,1
2022-07-04,19:01:27.192000,8.136,8.52165,Clear,0,1240.331,85.349,8
2022-07-04,19:01:27.292000,8.312,8.69767,Clear,0,1240.467,85.377,8
2022-07-04,19:01:27.297000,8.347,8.73328,Clear,0,1240.473,85.378,1
2022-07-04,19:01:27.392000,7.979,8.36644,Clear,0,1240.603,85.404,8
2022-07-04,19:01:27.397000,8.279,8.66641,Clear,0,1240.61,85.406,1
2022-07-04,19:01:27.492000,8.362,8.74951,Clear,0,1240.74,85.432,8
2022-07-04,19:01:27.498000,8.247,8.63446,Clear,0,1240.748,85.434,1
2022-07-04,19:01:27.592000,8.224,8.61344,Clear,0,1240.877,85.46,8
2022-07-04,19:01:27.598000,8.457,8.84618,Clear,0,1240.885,85.461,1
2022-07-04,19:01:27.692000,8.233,8.62189,Clear,0,1241.014,85.488,8
2022-07-04,19:01:27.698000,8.345,8.73382,Clear,0,1241.022,85.489,1
2022-07-04,19:01:27.792000,8.483,8.87256,Clear,0,1241.152,85.515,8
2022-07-04,19:01:27.798000,8.419,8.80915,Clear,0,1241.16,85.517,1
2022-07-04,19:01:27.892000,8.041,8.4321,Clear,0,1241.29,85.543,8
2022-07-04,19:01:27.898000,8.3,8.69101,Clear,0,1241.298,85.545,1
2022-07-04,19:01:27.992000,8.065,8.45551,Clear,0,1241.428,85.571,8
2022-07-04,19:01:27.998000,8.298,8.68894,Clear,0,1241.437,85.572,1
2022-07-04,19:01:28.092000,8.107,8.49868,Clear,0,1241.567,85.598,8
2022-07-04,19:01:28.098000,8.243,8.63446,Clear,0,1241.575,85.6,1
2022-07-04,19:01:28.192000,8.129,8.52165,Clear,0,1241.706,85.626,8
2022-07-04,19:01:28.197000,8.058,8.45112,Clear,0,1241.713,85.627,1
2022-07-04,19:01:28.292000,8.299,8.69257,Clear,0,1241.846,85.654,8
2022-07-04,19:01:28.297000,8.597,8.99116,Clear,0,1241.853,85.655,1
2022-07-04,19:01:28.392000,8.296,8.68974,Clear,0,1241.985,85.681,8
2022-07-04,19:01:28.397000,8.279,8.67251,Clear,0,1241.992,85.683,1
2022-07-04,19:01:28.492000,8.517,8.91202,Clear,0,1242.126,85.709,8
2022-07-04,19:01:28.497000,8.351,8.74574,Clear,0,1242.133,85.71,1
2022-07-04,19:01:28.592000,8.222,8.61766,Clear,0,1242.266,85.737,8
2022-07-04,19:01:28.597000,8.394,8.79025,Clear,0,1242.273,85.738,1
2022-07-04,19:01:28.692000,8.285,8.68186,Clear,0,1242.407,85.764,8
2022-07-04,19:01:28.697000,8.579,8.97623,Clear,0,1242.414,85.766,1
2022-07-04,19:01:28.792000,8.353,8.75011,Clear,0,1242.548,85.792,8
2022-07-04,19:01:28.797000,8.255,8.65232,Clear,0,1242.555,85.794,1
2022-07-04,19:01:28.892000,8.223,8.62083,Clear,0,1242.689,85.82,8
2022-07-04,19:01:28.992000,8.468,8.86722,Clear,0,1242.831,85.847,8
2022-07-04,19:01:28.997000,8.395,8.79423,Clear,0,1242.838,85.849,1
2022-07-04,19:01:29.092000,8.312,8.71083,Clear,0,1242.973,85.875,8
2022-07-04,19:01:29.097000,8.401,8.80052,Clear,0,1242.98,85.876,1
2022-07-04,19:01:29.192000,8.458,8.85795,Clear,0,1243.116,85.903,8
2022-07-04,19:01:29.197000,8.161,8.56123,Clear,0,1243.123,85.904,1
2022-07-04,19:01:29.292000,8.532,8.933,Clear,0,1243.259,85.93,8
2022-07-04,19:01:29.297000,7.986,8.38738,Clear,0,1243.266,85.932,1
2022-07-04,19:01:29.392000,8.07,8.47202,Clear,0,1243.402,85.958,8
2022-07-04,19:01:29.397000,8.437,8.83903,Clear,0,1243.409,85.959,1
2022-07-04,19:01:29.492000,8.253,8.65474,Clear,0,1243.545,85.986,8
2022-07-04,19:01:29.497000,8.295,8.69724,Clear,0,1243.552,85.987,1
2022-07-04,19:01:29.592000,8.482,8.88465,Clear,0,1243.689,86.013,8
2022-07-04,19:01:29.597000,8.273,8.67557,Clear,0,1243.696,86.015,1
2022-07-04,19:01:29.692000,8.289,8.69313,Clear,0,1243.833,86.041,8
2022-07-04,19:01:29.697000,8.313,8.71723,Clear,0,1243.84,86.042,1
2022-07-04,19:01:29.792000,8.073,8.47804,Clear,0,1243.978,86.068,8
2022-07-04,19:01:29.797000,8.312,8.71723,Clear,0,1243.985,86.07,1
2022-07-04,19:01:29.897000,8.405,8.80973,Clear,0,1244.13,86.097,1
2022-07-04,19:01:29.992000,8.087,8.49301,Clear,0,1244.268,86.124,8
2022-07-04,19:01:29.997000,8.101,8.50653,Clear,0,1244.275,86.125,1
2022-07-04,19:01:30.092000,8.474,8.88128,Clear,0,1244.413,86.151,8
2022-07-04,19:01:30.097000,8.412,8.81902,Clear,0,1244.42,86.153,1
2022-07-04,19:01:30.192000,8.446,8.85401,Clear,0,1244.559,86.179,8
2022-07-04,19:01:30.197000,8.354,8.76222,Clear,0,1244.566,86.18,1
2022-07-04,19:01:30.292000,8.361,8.76877,Clear,0,1244.705,86.206,8
2022-07-04,19:01:30.297000,8.518,8.92554,Clear,0,1244.712,86.208,1
2022-07-04,19:01:30.392000,8.272,8.6813,Clear,0,1244.852,86.234,8
2022-07-04,19:01:30.397000,8.107,8.51619,Clear,0,1244.859,86.235,1
2022-07-04,19:01:30.492000,8.202,8.61239,Clear,0,1244.998,86.262,8
2022-07-04,19:01:30.497000,8.348,8.7578,Clear,0,1245.006,86.263,1
2022-07-04,19:01:30.592000,8.39,8.80081,Clear,0,1245.146,86.289,8
2022-07-04,19:01:30.597000,8.108,8.51884,Clear,0,1245.153,86.291,1
2022-07-04,19:01:30.692000,8.08,8.49113,Clear,0,1245.293,86.317,8
2022-07-04,19:01:30.697000,8.142,8.55344,Clear,0,1245.301,86.318,1
2022-07-04,19:01:30.792000,8.068,8.4799,Clear,0,1245.441,86.344,8
2022-07-04,19:01:30.797000,8.031,8.44325,Clear,0,1245.448,86.346,1
2022-07-04,19:01:30.892000,8.293,8.70567,Clear,0,1245.589,86.372,8
2022-07-04,19:01:30.897000,8.201,8.61399,Clear,0,1245.597,86.373,1
2022-07-04,19:01:30.997000,8.082,8.49565,Clear,0,1245.745,86.401,1
2022-07-04,19:01:31.097000,8.476,8.8901,Clear,0,1245.894,86.428,1
2022-07-04,19:01:31.192000,8.284,8.69881,Clear,0,1246.036,86.454,8
2022-07-04,19:01:31.197000,8.386,8.80109,Clear,0,1246.043,86.456,1
2022-07-04,19:01:31.292000,8.553,8.96891,Clear,0,1246.185,86.482,8
2022-07-04,19:01:31.297000,8.003,8.41918,Clear,0,1246.193,86.483,1
2022-07-04,19:01:31.392000,8.21,8.62668,Clear,0,1246.335,86.509,8
2022-07-04,19:01:31.397000,8.196,8.61255,Clear,0,1246.343,86.511,1
2022-07-04,19:01:31.492000,8.032,8.44916,Clear,0,1246.485,86.537,8
2022-07-04,19:01:31.497000,8.635,9.05157,Clear,0,1246.493,86.538,1
2022-07-04,19:01:31.597000,8.359,8.7767,Clear,0,1246.643,86.566,1
2022-07-04,19:01:31.697000,8.194,8.61255,Clear,0,1246.794,86.593,1
2022-07-04,19:01:31.792000,8.228,8.6482,Clear,0,1246.938,86.619,8
2022-07-04,19:01:31.797000,8.534,8.95372,Clear,0,1246.946,86.621,1
2022-07-04,19:01:31.897000,8.335,8.75446,Clear,0,1247.097,86.648,1
2022-07-04,19:01:31.992000,8.575,8.99625,Clear,0,1247.241,86.674,8
2022-07-04,19:01:31.997000,8.237,8.65775,Clear,0,1247.249,86.676,1
2022-07-04,19:01:32.092000,8.4,8.82188,Clear,0,1247.394,86.702,8
2022-07-04,19:01:32.097000,8.243,8.66478,Clear,0,1247.401,86.703,1
2022-07-04,19:01:32.192000,8.176,8.59854,Clear,0,1247.546,86.729,8
2022-07-04,19:01:32.197000,8.438,8.86122,Clear,0,1247.554,86.731,1
2022-07-04,19:01:32.292000,8.233,8.65579,Clear,0,1247.699,86.757,8
2022-07-04,19:01:32.297000,8.35,8.7732,Clear,0,1247.707,86.758,1
2022-07-04,19:01:32.392000,8.3,8.7243,Clear,0,1247.852,86.784,8
2022-07-04,19:01:32.397000,8.417,8.8409,Clear,0,1247.86,86.786,1
2022-07-04,19:01:32.492000,8.423,8.8482,Clear,0,1248.006,86.812,8
2022-07-04,19:01:32.497000,8.384,8.8094,Clear,0,1248.014,86.813,1
2022-07-04,19:01:32.592000,8.42,8.84625,Clear,0,1248.16,86.839,8
2022-07-04,19:01:32.597000,8.321,8.74737,Clear,0,1248.167,86.841,1
2022-07-04,19:01:32.692000,8.273,8.69909,Clear,0,1248.314,86.867,8
2022-07-04,19:01:32.697000,8.383,8.80882,Clear,0,1248.322,86.868,1
2022-07-04,19:01:32.797000,8.112,8.53897,Clear,0,1248.476,86.896,1
2022-07-04,19:01:32.897000,8.451,8.87886,Clear,0,1248.631,86.923,1
2022-07-04,19:01:32.992000,8.421,8.85015,Clear,0,1248.779,86.949,8
2022-07-04,19:01:32.997000,8.225,8.65376,Clear,0,1248.786,86.95,1
2022-07-04,19:01:33.092000,8.448,8.87651,Clear,0,1248.934,86.976,8
2022-07-04,19:01:33.097000,8.341,8.77098,Clear,0,1248.942,86.978,1
2022-07-04,19:01:33.192000,8.393,8.82315,Clear,0,1249.09,87.004,8
2022-07-04,19:01:33.197000,8.278,8.70843,Clear,0,1249.098,87.005,1
2022-07-04,19:01:33.292000,8.303,8.7342,Clear,0,1249.246,87.031,8
2022-07-04,19:01:33.297000,8.56,8.99114,Clear,0,1249.254,87.033,1
2022-07-04,19:01:33.392000,8.309,8.74124,Clear,0,1249.403,87.059,8
2022-07-04,19:01:33.397000,8.479,8.91058,Clear,0,1249.411,87.06,1
2022-07-04,19:01:33.492000,8.304,8.73713,Clear,0,1249.56,87.086,8
2022-07-04,19:01:33.497000,8.186,8.61895,Clear,0,1249.567,87.087,1
2022-07-04,19:01:33.597000,8.519,8.95175,Clear,0,1249.725,87.115,1
2022-07-04,19:01:33.692000,8.475,8.909,Clear,0,1249.874,87.141,8
2022-07-04,19:01:33.697000,8.423,8.85701,Clear,0,1249.882,87.142,1
2022-07-04,19:01:33.792000,8.639,9.07419,Clear,0,1250.032,87.168,8
2022-07-04,19:01:33.797000,8.259,8.69385,Clear,0,1250.04,87.17,1
2022-07-04,19:01:33.892000,8.483,8.91936,Clear,0,1250.19,87.196,8
2022-07-04,19:01:33.897000,8.226,8.66226,Clear,0,1250.198,87.197,1
2022-07-04,19:01:33.992000,8.131,8.5665,Clear,0,1250.349,87.223,8
2022-07-04,19:01:33.997000,8.025,8.46113,Clear,0,1250.357,87.224,1
2022-07-04,19:01:34.092000,8.207,8.64442,Clear,0,1250.508,87.25,8
2022-07-04,19:01:34.097000,8.28,8.71685,Clear,0,1250.516,87.252,1
2022-07-04,19:01:34.192000,8.437,8.87517,Clear,0,1250.667,87.278,8
2022-07-04,19:01:34.197000,8.378,8.81632,Clear,0,1250.675,87.279,1
2022-07-04,19:01:34.292000,8.195,8.63423,Clear,0,1250.826,87.305,8
2022-07-04,19:01:34.297000,8.343,8.78158,Clear,0,1250.834,87.306,1
2022-07-04,19:01:34.392000,8.128,8.5665,Clear,0,1250.986,87.332,8
2022-07-04,19:01:34.397000,8.465,8.90366,Clear,0,1250.994,87.334,1
2022-07-04,19:01:34.492000,8.328,8.76806,Clear,0,1251.147,87.36,8
2022-07-04,19:01:34.497000,8.046,8.48561,Clear,0,1251.155,87.361,1
2022-07-04,19:01:34.592000,8.186,8.62732,Clear,0,1251.307,87.387,8
2022-07-04,19:01:34.597000,8.248,8.6887,Clear,0,1251.315,87.388,1
2022-07-04,19:01:34.692000,8.177,8.61939,Clear,0,1251.468,87.414,8
2022-07-04,19:01:34.697000,8.277,8.71896,Clear,0,1251.476,87.416,1
2022-07-04,19:01:34.792000,8.465,8.90763,Clear,0,1251.629,87.442,8
2022-07-04,19:01:34.797000,8.499,8.94196,Clear,0,1251.637,87.443,1
2022-07-04,19:01:34.892000,8.619,9.06226,Clear,0,1251.791,87.469,8
2022-07-04,19:01:34.897000,8.545,8.98775,Clear,0,1251.799,87.47,1
2022-07-04,19:01:34.992000,8.38,8.82379,Clear,0,1251.952,87.496,8
2022-07-04,19:01:34.997000,8.496,8.94001,Clear,0,1251.961,87.498,1
2022-07-04,19:01:35.092000,8.35,8.79495,Clear,0,1252.115,87.524,8
2022-07-04,19:01:35.097000,8.424,8.86909,Clear,0,1252.123,87.525,1
2022-07-04,19:01:35.197000,7.929,8.37532,Clear,0,1252.285,87.552,1
2022-07-04,19:01:35.297000,8.435,8.88131,Clear,0,1252.448,87.58,1
2022-07-04,19:01:35.397000,8.178,8.62524,Clear,0,1252.611,87.607,1
2022-07-04,19:01:35.492000,8.344,8.79186,Clear,0,1252.767,87.633,8
2022-07-04,19:01:35.497000,8.429,8.87702,Clear,0,1252.775,87.634,1
2022-07-04,19:01:35.592000,8.344,8.7931,Clear,0,1252.93,87.66,8
2022-07-04,19:01:35.597000,8.338,8.7872,Clear,0,1252.939,87.661,1
2022-07-04,19:01:35.692000,8.446,8.89602,Clear,0,1253.095,87.687,8
2022-07-04,19:01:35.892000,8.254,8.70477,Clear,0,1253.424,87.742,8
2022-07-04,19:01:35.897000,8.11,8.56116,Clear,0,1253.432,87.743,1
2022-07-04,19:01:35.992000,8.37,8.82188,Clear,0,1253.589,87.769,8
2022-07-04,19:01:35.997000,8.327,8.77934,Clear,0,1253.597,87.77,1
2022-07-04,19:01:36.092000,8.387,8.84043,Clear,0,1253.754,87.796,8
2022-07-04,19:01:36.097000,8.404,8.85701,Clear,0,1253.763,87.798,1
2022-07-04,19:01:36.292000,8.27,8.7243,Clear,0,1254.086,87.851,8
2022-07-04,19:01:36.297000,8.507,8.96097,Clear,0,1254.095,87.852,1
2022-07-04,19:01:36.392000,8.488,8.9432,Clear,0,1254.253,87.878,8
2022-07-04,19:01:36.397000,8.152,8.60743,Clear,0,1254.261,87.879,1
2022-07-04,19:01:36.492000,8.418,8.87384,Clear,0,1254.42,87.905,8
2022-07-04,19:01:36.497000,8.28,8.73549,Clear,0,1254.428,87.906,1
2022-07-04,19:01:36.592000,7.984,8.44118,Clear,0,1254.587,87.932,8
2022-07-04,19:01:36.597000,8.58,9.03697,Clear,0,1254.595,87.934,1
2022-07-04,19:01:36.692000,8.601,9.05831,Clear,0,1254.754,87.96,8
2022-07-04,19:01:36.697000,7.959,8.41578,Clear,0,1254.762,87.961,1
2022-07-04,19:01:36.792000,8.19,8.64819,Clear,0,1254.922,87.987,8
2022-07-04,19:01:36.892000,8.304,8.76265,Clear,0,1255.09,88.014,8
2022-07-04,19:01:36.897000,8.411,8.87031,Clear,0,1255.098,88.015,1
2022-07-04,19:01:36.997000,8.545,9.00482,Clear,0,1255.267,88.042,1
2022-07-04,19:01:37.092000,8.489,8.95032,Clear,0,1255.427,88.068,8
2022-07-04,19:01:37.192000,8.622,9.08303,Clear,0,1255.596,88.095,8
2022-07-04,19:01:37.197000,8.433,8.89367,Clear,0,1255.605,88.097,1
2022-07-04,19:01:37.292000,8.305,8.76686,Clear,0,1255.766,88.123,8
2022-07-04,19:01:37.297000,8.244,8.70581,Clear,0,1255.774,88.124,1
2022-07-04,19:01:37.392000,8.265,8.72836,Clear,0,1255.935,88.15,8
2022-07-04,19:01:37.492000,8.48,8.94391,Clear,0,1256.105,88.177,8
2022-07-04,19:01:37.592000,8.24,8.70363,Clear,0,1256.276,88.204,8
2022-07-04,19:01:37.792000,8.359,8.82506,Clear,0,1256.618,88.258,8
