satellite, 2422 THOR BURNER 2 R/B / US
catalogue, 1 NORAD
track, 12348111
variability, 0 Not variable
variability_period, 0.0
npoints, 627
#,
Date Time StdMag Mag Filter Penumbra Distance Phase Channel,

Date,Time,StdMag,Mag,Filter,Penumbra,Distance,Phase,Channel
2017-05-27,18:25:34.001000,8.693,9.21286,Clear,0,1084.007,105.668,4
2017-05-27,18:25:34.101000,8.625,9.14315,Clear,0,1083.465,105.65,4
2017-05-27,18:25:34.201000,8.686,9.20235,Clear,0,1082.923,105.633,4
2017-05-27,18:25:34.301000,8.831,9.3459,Clear,0,1082.381,105.616,4
2017-05-27,18:25:34.501000,8.882,9.39441,Clear,0,1081.299,105.581,4
2017-05-27,18:25:34.601000,8.654,9.1639,Clear,0,1080.758,105.563,4
2017-05-27,18:25:34.701000,8.933,9.44227,Clear,0,1080.217,105.546,4
2017-05-27,18:25:34.901000,8.682,9.18773,Clear,0,1079.136,105.511,4
2017-05-27,18:25:35.001000,9.162,9.66579,Clear,0,1078.596,105.493,4
2017-05-27,18:25:35.101000,8.775,9.27746,Clear,0,1078.056,105.476,4
2017-05-27,18:25:35.201000,8.469,8.96974,Clear,0,1077.516,105.458,4
2017-05-27,18:25:35.301000,8.635,9.13504,Clear,0,1076.976,105.441,4
2017-05-27,18:25:35.801000,8.542,9.03401,Clear,0,1074.281,105.352,4
2017-05-27,18:25:35.901000,8.66,9.15053,Clear,0,1073.743,105.335,4
2017-05-27,18:25:36.001000,8.779,9.26826,Clear,0,1073.205,105.317,4
2017-05-27,18:25:36.101000,8.989,9.47628,Clear,0,1072.667,105.299,4
2017-05-27,18:25:36.201000,8.767,9.2525,Clear,0,1072.129,105.281,4
2017-05-27,18:25:36.401000,8.436,8.91924,Clear,0,1071.055,105.246,4
2017-05-27,18:25:36.501000,8.764,9.24453,Clear,0,1070.518,105.228,4
2017-05-27,18:25:37.001000,8.567,9.04058,Clear,0,1067.835,105.139,4
2017-05-27,18:25:37.101000,8.834,9.30593,Clear,0,1067.3,105.121,4
2017-05-27,18:25:37.401000,8.543,9.01064,Clear,0,1065.693,105.067,4
2017-05-27,18:25:37.501000,8.889,9.35477,Clear,0,1065.158,105.049,4
2017-05-27,18:25:37.601000,8.895,9.36015,Clear,0,1064.624,105.031,4
2017-05-27,18:25:37.701000,8.672,9.13539,Clear,0,1064.089,105.013,4
2017-05-27,18:25:38.201000,8.372,8.82712,Clear,0,1061.42,104.923,4
2017-05-27,18:25:38.401000,8.681,9.13281,Clear,0,1060.354,104.886,4
2017-05-27,18:25:38.501000,8.582,9.03265,Clear,0,1059.821,104.868,4
2017-05-27,18:25:38.701000,8.88,9.3281,Clear,0,1058.756,104.832,4
2017-05-27,18:25:38.801000,8.452,8.8979,Clear,0,1058.224,104.813,4
2017-05-27,18:25:38.901000,8.223,8.66754,Clear,0,1057.692,104.795,4
2017-05-27,18:25:39.001000,9.063,9.50551,Clear,0,1057.16,104.777,4
2017-05-27,18:25:39.101000,8.865,9.3061,Clear,0,1056.629,104.759,4
2017-05-27,18:25:39.301000,8.928,9.36622,Clear,0,1055.566,104.722,4
2017-05-27,18:25:39.501000,8.875,9.30952,Clear,0,1054.505,104.685,4
2017-05-27,18:25:39.701000,8.661,9.09331,Clear,0,1053.444,104.649,4
2017-05-27,18:25:39.901000,8.812,9.24105,Clear,0,1052.385,104.612,4
2017-05-27,18:25:40.100000,8.741,9.16654,Clear,0,1051.331,104.575,4
2017-05-27,18:25:40.500000,9.094,9.51442,Clear,0,1049.217,104.501,4
2017-05-27,18:25:40.600000,8.768,9.18589,Clear,0,1048.688,104.482,4
2017-05-27,18:25:40.700000,9.131,9.54771,Clear,0,1048.161,104.464,4
2017-05-27,18:25:41,8.828,9.24014,Clear,0,1046.578,104.408,4
2017-05-27,18:25:41.400000,8.946,9.35164,Clear,0,1044.471,104.333,4
2017-05-27,18:25:41.500000,8.704,9.10777,Clear,0,1043.945,104.314,4
2017-05-27,18:25:41.600000,8.679,9.08181,Clear,0,1043.42,104.295,4
2017-05-27,18:25:41.700000,8.782,9.18266,Clear,0,1042.894,104.276,4
2017-05-27,18:25:41.900000,9.066,9.4639,Clear,0,1041.843,104.239,4
2017-05-27,18:25:42,8.462,8.85871,Clear,0,1041.318,104.22,4
2017-05-27,18:25:42.100000,8.879,9.2738,Clear,0,1040.794,104.201,4
2017-05-27,18:25:42.200000,9.019,9.4123,Clear,0,1040.269,104.182,4
2017-05-27,18:25:42.300000,8.51,8.90174,Clear,0,1039.745,104.163,4
2017-05-27,18:25:42.400000,8.987,9.3773,Clear,0,1039.221,104.144,4
2017-05-27,18:25:42.500000,8.957,9.34626,Clear,0,1038.697,104.125,4
2017-05-27,18:25:42.700000,8.728,9.11349,Clear,0,1037.65,104.087,4
2017-05-27,18:25:43,8.989,9.36987,Clear,0,1036.081,104.03,4
2017-05-27,18:25:43.100000,8.888,9.26683,Clear,0,1035.559,104.011,4
2017-05-27,18:25:43.200000,8.838,9.2163,Clear,0,1035.037,103.992,4
2017-05-27,18:25:43.300000,8.823,9.19917,Clear,0,1034.515,103.973,4
2017-05-27,18:25:43.400000,8.536,8.91121,Clear,0,1033.993,103.954,4
2017-05-27,18:25:43.700000,8.875,9.24471,Clear,0,1032.43,103.896,4
2017-05-27,18:25:43.800000,9.008,9.37645,Clear,0,1031.909,103.877,4
2017-05-27,18:25:43.900000,8.858,9.22521,Clear,0,1031.388,103.858,4
2017-05-27,18:25:44.100000,8.915,9.27924,Clear,0,1030.348,103.819,4
2017-05-27,18:25:44.200000,8.625,8.98659,Clear,0,1029.828,103.8,4
2017-05-27,18:25:44.400000,8.788,9.14652,Clear,0,1028.789,103.761,4
2017-05-27,18:25:44.500000,8.785,9.14288,Clear,0,1028.27,103.742,4
2017-05-27,18:25:44.600000,9.145,9.50129,Clear,0,1027.751,103.723,4
2017-05-27,18:25:44.700000,8.763,9.11694,Clear,0,1027.233,103.703,4
2017-05-27,18:25:44.800000,8.677,9.02987,Clear,0,1026.714,103.684,4
2017-05-27,18:25:44.900000,8.641,8.99155,Clear,0,1026.196,103.664,4
2017-05-27,18:25:45.100000,8.692,9.03984,Clear,0,1025.161,103.625,4
2017-05-27,18:25:45.200000,8.506,8.85324,Clear,0,1024.643,103.606,4
2017-05-27,18:25:45.300000,8.827,9.17215,Clear,0,1024.126,103.586,4
2017-05-27,18:25:45.400000,8.67,9.01335,Clear,0,1023.609,103.567,4
2017-05-27,18:25:45.500000,8.334,8.67611,Clear,0,1023.093,103.547,4
2017-05-27,18:25:45.600000,8.75,9.09011,Clear,0,1022.576,103.528,4
2017-05-27,18:25:45.700000,8.677,9.01627,Clear,0,1022.06,103.508,4
2017-05-27,18:25:45.800000,8.686,9.02294,Clear,0,1021.544,103.489,4
2017-05-27,18:25:45.900000,8.591,8.92709,Clear,0,1021.028,103.469,4
2017-05-27,18:25:46,8.551,8.88501,Clear,0,1020.513,103.449,4
2017-05-27,18:25:46.100000,8.759,9.0918,Clear,0,1019.998,103.43,4
2017-05-27,18:25:46.200000,8.812,9.14304,Clear,0,1019.483,103.41,4
2017-05-27,18:25:46.400000,8.553,8.88047,Clear,0,1018.453,103.37,4
2017-05-27,18:25:46.500000,8.649,8.97538,Clear,0,1017.939,103.351,4
2017-05-27,18:25:46.600000,8.907,9.23185,Clear,0,1017.425,103.331,4
2017-05-27,18:25:46.800000,9.067,9.38856,Clear,0,1016.398,103.291,4
2017-05-27,18:25:46.900000,8.734,9.05348,Clear,0,1015.885,103.271,4
2017-05-27,18:25:47,8.602,8.91993,Clear,0,1015.372,103.251,4
2017-05-27,18:25:47.100000,8.784,9.10127,Clear,0,1014.859,103.232,4
2017-05-27,18:25:47.200000,8.823,9.13793,Clear,0,1014.346,103.212,4
2017-05-27,18:25:47.300000,8.633,8.94671,Clear,0,1013.834,103.192,4
2017-05-27,18:25:47.400000,8.878,9.18982,Clear,0,1013.322,103.172,4
2017-05-27,18:25:47.500000,9.2,9.51079,Clear,0,1012.81,103.152,4
2017-05-27,18:25:47.600000,8.657,8.96605,Clear,0,1012.299,103.132,4
2017-05-27,18:25:47.700000,8.575,8.8818,Clear,0,1011.788,103.112,4
2017-05-27,18:25:47.800000,8.811,9.11645,Clear,0,1011.277,103.092,4
2017-05-27,18:25:47.900000,8.992,9.29562,Clear,0,1010.766,103.072,4
2017-05-27,18:25:48,9.005,9.3081,Clear,0,1010.255,103.052,4
2017-05-27,18:25:48.200000,8.834,9.13253,Clear,0,1009.235,103.011,4
2017-05-27,18:25:48.300000,8.796,9.09388,Clear,0,1008.725,102.991,4
2017-05-27,18:25:48.500000,8.412,8.70711,Clear,0,1007.707,102.951,4
2017-05-27,18:25:48.700000,9.083,9.37507,Clear,0,1006.689,102.91,4
2017-05-27,18:25:48.900000,8.63,8.91777,Clear,0,1005.672,102.87,4
2017-05-27,18:25:49,8.72,9.00668,Clear,0,1005.164,102.85,4
2017-05-27,18:25:49.100000,8.292,8.57717,Clear,0,1004.657,102.829,4
2017-05-27,18:25:49.200000,9.106,9.38977,Clear,0,1004.149,102.809,4
2017-05-27,18:25:49.300000,8.599,8.8808,Clear,0,1003.642,102.789,4
2017-05-27,18:25:49.500000,8.765,9.0441,Clear,0,1002.628,102.748,4
2017-05-27,18:25:49.600000,8.485,8.76146,Clear,0,1002.122,102.727,4
2017-05-27,18:25:49.700000,8.538,8.81443,Clear,0,1001.616,102.707,4
2017-05-27,18:25:49.800000,8.878,9.15167,Clear,0,1001.11,102.686,4
2017-05-27,18:25:49.900000,8.629,8.90184,Clear,0,1000.604,102.666,4
2017-05-27,18:25:50.100000,8.928,9.19667,Clear,0,999.594,102.625,4
2017-05-27,18:25:50.200000,8.736,9.00417,Clear,0,999.089,102.604,4
2017-05-27,18:25:50.300000,8.787,9.05333,Clear,0,998.585,102.584,4
2017-05-27,18:25:50.400000,8.653,8.91813,Clear,0,998.08,102.563,4
2017-05-27,18:25:50.500000,8.865,9.1275,Clear,0,997.576,102.543,4
2017-05-27,18:25:50.600000,8.928,9.18957,Clear,0,997.072,102.522,4
2017-05-27,18:25:50.700000,8.777,9.03699,Clear,0,996.569,102.501,4
2017-05-27,18:25:50.800000,8.918,9.17585,Clear,0,996.065,102.481,4
2017-05-27,18:25:50.900000,8.501,8.75751,Clear,0,995.562,102.46,4
2017-05-27,18:25:51,8.965,9.21961,Clear,0,995.06,102.439,4
2017-05-27,18:25:51.100000,8.455,8.70942,Clear,0,994.557,102.418,4
2017-05-27,18:25:51.200000,8.695,8.94663,Clear,0,994.055,102.398,4
2017-05-27,18:25:51.300000,8.359,8.60912,Clear,0,993.553,102.377,4
2017-05-27,18:25:51.400000,8.803,9.05203,Clear,0,993.051,102.356,4
2017-05-27,18:25:51.500000,8.945,9.19181,Clear,0,992.55,102.335,4
2017-05-27,18:25:51.700000,8.895,9.13848,Clear,0,991.548,102.294,4
2017-05-27,18:25:51.800000,8.803,9.04589,Clear,0,991.047,102.273,4
2017-05-27,18:25:51.900000,8.977,9.21831,Clear,0,990.547,102.252,4
2017-05-27,18:25:52,8.47,8.70898,Clear,0,990.047,102.231,4
2017-05-27,18:25:52.100000,8.899,9.13741,Clear,0,989.547,102.21,4
2017-05-27,18:25:52.200000,8.631,8.86732,Clear,0,989.048,102.189,4
2017-05-27,18:25:52.300000,8.926,9.16048,Clear,0,988.548,102.168,4
2017-05-27,18:25:52.400000,8.732,8.96511,Clear,0,988.049,102.147,4
2017-05-27,18:25:52.500000,8.657,8.88789,Clear,0,987.551,102.126,4
2017-05-27,18:25:52.600000,8.694,8.9243,Clear,0,987.052,102.105,4
2017-05-27,18:25:52.700000,8.894,9.12155,Clear,0,986.554,102.084,4
2017-05-27,18:25:52.800000,8.609,8.83612,Clear,0,986.056,102.062,4
2017-05-27,18:25:52.900000,8.773,8.99788,Clear,0,985.558,102.041,4
2017-05-27,18:25:53,8.767,8.99042,Clear,0,985.061,102.02,4
2017-05-27,18:25:53.100000,8.423,8.64457,Clear,0,984.564,101.999,4
2017-05-27,18:25:53.200000,8.816,9.03603,Clear,0,984.067,101.978,4
2017-05-27,18:25:53.300000,9.017,9.23572,Clear,0,983.57,101.956,4
2017-05-27,18:25:53.400000,8.761,8.97762,Clear,0,983.074,101.935,4
2017-05-27,18:25:53.500000,8.974,9.18891,Clear,0,982.578,101.914,4
2017-05-27,18:25:53.600000,8.46,8.674,Clear,0,982.082,101.893,4
2017-05-27,18:25:53.700000,8.713,8.92514,Clear,0,981.587,101.871,4
2017-05-27,18:25:53.800000,8.584,8.79454,Clear,0,981.092,101.85,4
2017-05-27,18:25:53.900000,8.99,9.1986,Clear,0,980.597,101.829,4
2017-05-27,18:25:54.100000,9.014,9.22042,Clear,0,979.608,101.786,4
2017-05-27,18:25:54.300000,8.787,8.99024,Clear,0,978.62,101.743,4
2017-05-27,18:25:54.400000,8.869,9.07022,Clear,0,978.126,101.722,4
2017-05-27,18:25:54.500000,8.652,8.85194,Clear,0,977.633,101.7,4
2017-05-27,18:25:54.699000,8.748,8.94345,Clear,0,976.653,101.657,5
2017-05-27,18:25:54.799000,8.743,8.93842,Clear,0,976.16,101.636,5
2017-05-27,18:25:54.800000,8.913,9.10829,Clear,0,976.155,101.635,4
2017-05-27,18:25:54.899000,8.652,8.84524,Clear,0,975.668,101.614,5
2017-05-27,18:25:54.900000,8.52,8.71303,Clear,0,975.663,101.614,4
2017-05-27,18:25:54.999000,8.522,8.7142,Clear,0,975.176,101.592,5
2017-05-27,18:25:55,8.642,8.83382,Clear,0,975.171,101.592,4
2017-05-27,18:25:55.099000,8.362,8.55181,Clear,0,974.685,101.571,5
2017-05-27,18:25:55.100000,8.655,8.84466,Clear,0,974.68,101.571,4
2017-05-27,18:25:55.200000,8.66,8.84777,Clear,0,974.188,101.549,4
2017-05-27,18:25:55.299000,8.523,8.70963,Clear,0,973.702,101.527,5
2017-05-27,18:25:55.300000,8.56,8.74685,Clear,0,973.697,101.527,4
2017-05-27,18:25:55.399000,8.732,8.9167,Clear,0,973.212,101.506,5
2017-05-27,18:25:55.400000,8.754,8.93926,Clear,0,973.207,101.506,4
2017-05-27,18:25:55.500000,8.579,8.76288,Clear,0,972.716,101.484,4
2017-05-27,18:25:55.600000,8.564,8.74553,Clear,0,972.226,101.462,4
2017-05-27,18:25:55.699000,9.09,9.26966,Clear,0,971.741,101.441,5
2017-05-27,18:25:55.700000,8.779,8.95924,Clear,0,971.736,101.44,4
2017-05-27,18:25:55.799000,8.774,8.9533,Clear,0,971.252,101.419,5
2017-05-27,18:25:55.999000,8.533,8.70894,Clear,0,970.273,101.375,5
2017-05-27,18:25:56,8.778,8.95349,Clear,0,970.268,101.375,4
2017-05-27,18:25:56.099000,8.823,8.99726,Clear,0,969.785,101.353,5
2017-05-27,18:25:56.100000,8.685,8.85919,Clear,0,969.78,101.353,4
2017-05-27,18:25:56.199000,8.729,8.90141,Clear,0,969.296,101.331,5
2017-05-27,18:25:56.200000,9.02,9.19232,Clear,0,969.291,101.331,4
2017-05-27,18:25:56.299000,8.81,8.9806,Clear,0,968.808,101.309,5
2017-05-27,18:25:56.300000,8.517,8.68775,Clear,0,968.803,101.309,4
2017-05-27,18:25:56.399000,8.55,8.71848,Clear,0,968.32,101.287,5
2017-05-27,18:25:56.400000,9.157,9.32578,Clear,0,968.315,101.287,4
2017-05-27,18:25:56.499000,8.996,9.16435,Clear,0,967.833,101.266,5
2017-05-27,18:25:56.500000,8.817,8.98507,Clear,0,967.828,101.265,4
2017-05-27,18:25:56.599000,8.96,9.12588,Clear,0,967.345,101.244,5
2017-05-27,18:25:56.600000,8.757,8.92275,Clear,0,967.34,101.243,4
2017-05-27,18:25:56.699000,8.547,8.71132,Clear,0,966.858,101.222,5
2017-05-27,18:25:56.899000,8.714,8.8746,Clear,0,965.885,101.178,5
2017-05-27,18:25:56.999000,9.05,9.20998,Clear,0,965.399,101.155,5
2017-05-27,18:25:57.299000,8.704,8.85912,Clear,0,963.942,101.089,5
2017-05-27,18:25:57.399000,9.006,9.1591,Clear,0,963.457,101.067,5
2017-05-27,18:25:57.499000,8.263,8.4149,Clear,0,962.973,101.045,5
2017-05-27,18:25:57.599000,8.454,8.60362,Clear,0,962.488,101.023,5
2017-05-27,18:25:57.699000,8.589,8.7366,Clear,0,962.004,101.0,5
2017-05-27,18:25:57.799000,8.7,8.84704,Clear,0,961.52,100.978,5
2017-05-27,18:25:57.899000,8.537,8.68163,Clear,0,961.037,100.956,5
2017-05-27,18:25:57.999000,8.716,8.85982,Clear,0,960.554,100.934,5
2017-05-27,18:25:58.099000,8.733,8.8754,Clear,0,960.071,100.911,5
2017-05-27,18:25:58.199000,8.3,8.43976,Clear,0,959.588,100.889,5
2017-05-27,18:25:58.299000,8.544,8.68283,Clear,0,959.106,100.867,5
2017-05-27,18:25:58.399000,8.62,8.75674,Clear,0,958.624,100.844,5
2017-05-27,18:25:58.499000,8.765,8.90081,Clear,0,958.142,100.822,5
2017-05-27,18:25:58.599000,8.78,8.91376,Clear,0,957.661,100.799,5
2017-05-27,18:25:58.699000,8.727,8.85881,Clear,0,957.179,100.777,5
2017-05-27,18:25:58.799000,8.482,8.61276,Clear,0,956.699,100.754,5
2017-05-27,18:25:58.899000,8.225,8.35429,Clear,0,956.218,100.732,5
2017-05-27,18:25:58.999000,8.712,8.83852,Clear,0,955.738,100.709,5
2017-05-27,18:25:59.199000,8.71,8.83379,Clear,0,954.778,100.664,5
2017-05-27,18:25:59.299000,8.561,8.68444,Clear,0,954.299,100.642,5
2017-05-27,18:25:59.399000,8.622,8.74309,Clear,0,953.82,100.619,5
2017-05-27,18:25:59.499000,8.432,8.55099,Clear,0,953.341,100.596,5
2017-05-27,18:25:59.599000,8.306,8.42372,Clear,0,952.863,100.574,5
2017-05-27,18:25:59.699000,8.694,8.8096,Clear,0,952.385,100.551,5
2017-05-27,18:25:59.799000,8.476,8.59114,Clear,0,951.907,100.528,5
2017-05-27,18:25:59.899000,8.508,8.62125,Clear,0,951.429,100.506,5
2017-05-27,18:25:59.999000,8.151,8.2623,Clear,0,950.952,100.483,5
2017-05-27,18:26:00.199000,8.599,8.70718,Clear,0,949.998,100.437,5
2017-05-27,18:26:00.299000,8.68,8.7869,Clear,0,949.522,100.414,5
2017-05-27,18:26:00.399000,8.339,8.44399,Clear,0,949.046,100.391,5
2017-05-27,18:26:00.499000,8.474,8.57674,Clear,0,948.57,100.369,5
2017-05-27,18:26:00.599000,8.542,8.64382,Clear,0,948.095,100.346,5
2017-05-27,18:26:00.699000,8.604,8.70401,Clear,0,947.62,100.323,5
2017-05-27,18:26:00.799000,8.637,8.73642,Clear,0,947.145,100.3,5
2017-05-27,18:26:00.899000,8.432,8.52858,Clear,0,946.671,100.277,5
2017-05-27,18:26:00.999000,8.399,8.49372,Clear,0,946.196,100.254,5
2017-05-27,18:26:01.099000,8.503,8.59708,Clear,0,945.723,100.231,5
2017-05-27,18:26:01.199000,8.857,8.94896,Clear,0,945.249,100.208,5
2017-05-27,18:26:01.299000,8.63,8.71987,Clear,0,944.776,100.185,5
2017-05-27,18:26:01.399000,8.411,8.5004,Clear,0,944.303,100.162,5
2017-05-27,18:26:01.499000,8.509,8.59559,Clear,0,943.83,100.138,5
2017-05-27,18:26:01.599000,8.305,8.39073,Clear,0,943.358,100.115,5
2017-05-27,18:26:01.699000,8.89,8.97374,Clear,0,942.886,100.092,5
2017-05-27,18:26:01.799000,8.445,8.52709,Clear,0,942.414,100.069,5
2017-05-27,18:26:01.899000,8.374,8.45541,Clear,0,941.943,100.046,5
2017-05-27,18:26:01.999000,8.638,8.71688,Clear,0,941.472,100.023,5
2017-05-27,18:26:02.099000,8.57,8.6483,Clear,0,941.001,99.999,5
2017-05-27,18:26:02.199000,8.686,8.76196,Clear,0,940.531,99.976,5
2017-05-27,18:26:02.299000,8.395,8.46927,Clear,0,940.06,99.953,5
2017-05-27,18:26:02.399000,8.589,8.66199,Clear,0,939.591,99.929,5
2017-05-27,18:26:02.499000,8.354,8.42452,Clear,0,939.121,99.906,5
2017-05-27,18:26:02.599000,8.536,8.60567,Clear,0,938.652,99.883,5
2017-05-27,18:26:02.699000,8.502,8.56967,Clear,0,938.183,99.859,5
2017-05-27,18:26:02.799000,8.642,8.70797,Clear,0,937.715,99.836,5
2017-05-27,18:26:02.899000,8.497,8.56153,Clear,0,937.246,99.812,5
2017-05-27,18:26:02.999000,8.555,8.61828,Clear,0,936.778,99.789,5
2017-05-27,18:26:03.099000,8.731,8.79212,Clear,0,936.311,99.765,5
2017-05-27,18:26:03.199000,8.632,8.69154,Clear,0,935.844,99.742,5
2017-05-27,18:26:03.299000,8.682,8.74002,Clear,0,935.377,99.718,5
2017-05-27,18:26:03.399000,8.56,8.61696,Clear,0,934.91,99.695,5
2017-05-27,18:26:03.499000,8.619,8.67385,Clear,0,934.444,99.671,5
2017-05-27,18:26:03.599000,8.697,8.7499,Clear,0,933.978,99.647,5
2017-05-27,18:26:03.699000,8.721,8.77268,Clear,0,933.512,99.624,5
2017-05-27,18:26:03.799000,8.531,8.58114,Clear,0,933.047,99.6,5
2017-05-27,18:26:03.899000,8.526,8.57503,Clear,0,932.582,99.576,5
2017-05-27,18:26:03.999000,8.286,8.33295,Clear,0,932.117,99.553,5
2017-05-27,18:26:04.099000,8.756,8.80084,Clear,0,931.653,99.529,5
2017-05-27,18:26:04.199000,8.518,8.56168,Clear,0,931.188,99.505,5
2017-05-27,18:26:04.299000,8.653,8.69454,Clear,0,930.725,99.481,5
2017-05-27,18:26:04.399000,8.745,8.78543,Clear,0,930.261,99.458,5
2017-05-27,18:26:04.499000,8.794,8.83341,Clear,0,929.798,99.434,5
2017-05-27,18:26:04.599000,8.789,8.82578,Clear,0,929.335,99.41,5
2017-05-27,18:26:04.699000,8.5,8.53619,Clear,0,928.873,99.386,5
2017-05-27,18:26:04.799000,8.637,8.67132,Clear,0,928.411,99.362,5
2017-05-27,18:26:04.899000,8.452,8.48426,Clear,0,927.949,99.338,5
2017-05-27,18:26:04.999000,8.482,8.51287,Clear,0,927.488,99.314,5
2017-05-27,18:26:05.099000,8.311,8.34004,Clear,0,927.027,99.29,5
2017-05-27,18:26:05.199000,8.415,8.4431,Clear,0,926.566,99.266,5
2017-05-27,18:26:05.299000,8.515,8.54144,Clear,0,926.105,99.242,5
2017-05-27,18:26:05.399000,8.882,8.90636,Clear,0,925.645,99.218,5
2017-05-27,18:26:05.499000,8.935,8.95838,Clear,0,925.185,99.194,5
2017-05-27,18:26:05.599000,8.64,8.66097,Clear,0,924.726,99.17,5
2017-05-27,18:26:05.699000,8.408,8.42783,Clear,0,924.267,99.146,5
2017-05-27,18:26:05.799000,8.633,8.65093,Clear,0,923.808,99.122,5
2017-05-27,18:26:05.899000,8.524,8.53953,Clear,0,923.349,99.097,5
2017-05-27,18:26:05.999000,8.674,8.68908,Clear,0,922.891,99.073,5
2017-05-27,18:26:06.099000,8.836,8.84934,Clear,0,922.433,99.049,5
2017-05-27,18:26:06.199000,8.493,8.50362,Clear,0,921.976,99.025,5
2017-05-27,18:26:06.299000,8.653,8.66261,Clear,0,921.519,99.0,5
2017-05-27,18:26:06.399000,8.604,8.61206,Clear,0,921.062,98.976,5
2017-05-27,18:26:06.499000,8.514,8.52081,Clear,0,920.605,98.952,5
2017-05-27,18:26:06.599000,8.53,8.53463,Clear,0,920.149,98.927,5
2017-05-27,18:26:06.699000,8.525,8.52775,Clear,0,919.693,98.903,5
2017-05-27,18:26:06.799000,8.587,8.58906,Clear,0,919.238,98.879,5
2017-05-27,18:26:06.899000,8.53,8.52992,Clear,0,918.783,98.854,5
2017-05-27,18:26:06.999000,9.005,9.00257,Clear,0,918.328,98.83,5
2017-05-27,18:26:07.099000,8.608,8.60506,Clear,0,917.874,98.805,5
2017-05-27,18:26:07.199000,8.442,8.43719,Clear,0,917.419,98.781,5
2017-05-27,18:26:07.299000,8.494,8.4882,Clear,0,916.966,98.756,5
2017-05-27,18:26:07.399000,8.342,8.33346,Clear,0,916.512,98.732,5
2017-05-27,18:26:07.499000,8.476,8.46549,Clear,0,916.059,98.707,5
2017-05-27,18:26:07.599000,8.525,8.5142,Clear,0,915.606,98.682,5
2017-05-27,18:26:07.699000,8.313,8.30015,Clear,0,915.154,98.658,5
2017-05-27,18:26:07.799000,8.332,8.31753,Clear,0,914.702,98.633,5
2017-05-27,18:26:07.899000,8.928,8.91212,Clear,0,914.25,98.609,5
2017-05-27,18:26:07.999000,8.605,8.58675,Clear,0,913.799,98.584,5
2017-05-27,18:26:08.099000,8.586,8.56659,Clear,0,913.348,98.559,5
2017-05-27,18:26:08.199000,8.614,8.5934,Clear,0,912.897,98.534,5
2017-05-27,18:26:08.299000,8.744,8.72133,Clear,0,912.447,98.51,5
2017-05-27,18:26:08.399000,8.446,8.42178,Clear,0,911.996,98.485,5
2017-05-27,18:26:08.499000,8.623,8.59645,Clear,0,911.547,98.46,5
2017-05-27,18:26:08.599000,8.574,8.54658,Clear,0,911.097,98.435,5
2017-05-27,18:26:08.699000,8.492,8.46302,Clear,0,910.648,98.41,5
2017-05-27,18:26:08.799000,8.602,8.57119,Clear,0,910.2,98.385,5
2017-05-27,18:26:08.899000,8.62,8.58823,Clear,0,909.752,98.36,5
2017-05-27,18:26:08.999000,8.445,8.41085,Clear,0,909.304,98.335,5
2017-05-27,18:26:09.099000,8.647,8.61226,Clear,0,908.856,98.31,5
2017-05-27,18:26:09.199000,8.406,8.36929,Clear,0,908.409,98.285,5
2017-05-27,18:26:09.299000,8.449,8.40961,Clear,0,907.962,98.26,5
2017-05-27,18:26:09.399000,8.42,8.38004,Clear,0,907.515,98.235,5
2017-05-27,18:26:09.499000,8.686,8.64395,Clear,0,907.069,98.21,5
2017-05-27,18:26:09.599000,8.349,8.30511,Clear,0,906.623,98.185,5
2017-05-27,18:26:09.699000,8.199,8.15415,Clear,0,906.178,98.16,5
2017-05-27,18:26:09.799000,8.369,8.32223,Clear,0,905.733,98.135,5
2017-05-27,18:26:09.899000,8.685,8.63729,Clear,0,905.288,98.11,5
2017-05-27,18:26:09.999000,8.29,8.23989,Clear,0,904.843,98.084,5
2017-05-27,18:26:10.099000,8.504,8.45219,Clear,0,904.399,98.059,5
2017-05-27,18:26:10.199000,8.492,8.43894,Clear,0,903.956,98.034,5
2017-05-27,18:26:10.299000,8.366,8.31109,Clear,0,903.512,98.009,5
2017-05-27,18:26:10.399000,8.624,8.56767,Clear,0,903.069,97.983,5
2017-05-27,18:26:10.499000,8.523,8.46484,Clear,0,902.626,97.958,5
2017-05-27,18:26:10.599000,8.414,8.3535,Clear,0,902.184,97.933,5
2017-05-27,18:26:10.699000,8.617,8.55637,Clear,0,901.742,97.907,5
2017-05-27,18:26:10.799000,8.566,8.50305,Clear,0,901.301,97.882,5
2017-05-27,18:26:10.899000,8.865,8.80002,Clear,0,900.859,97.856,5
2017-05-27,18:26:10.999000,8.413,8.34721,Clear,0,900.418,97.831,5
2017-05-27,18:26:11.099000,8.404,8.33631,Clear,0,899.978,97.805,5
2017-05-27,18:26:11.199000,8.336,8.26667,Clear,0,899.538,97.78,5
2017-05-27,18:26:11.299000,8.298,8.22651,Clear,0,899.098,97.754,5
2017-05-27,18:26:11.399000,8.617,8.54367,Clear,0,898.659,97.729,5
2017-05-27,18:26:11.499000,8.609,8.53519,Clear,0,898.219,97.703,5
2017-05-27,18:26:11.599000,8.382,8.3061,Clear,0,897.781,97.678,5
2017-05-27,18:26:11.699000,8.541,8.46384,Clear,0,897.342,97.652,5
2017-05-27,18:26:11.799000,8.577,8.49839,Clear,0,896.904,97.626,5
2017-05-27,18:26:11.899000,8.472,8.39075,Clear,0,896.467,97.601,5
2017-05-27,18:26:11.999000,8.296,8.21423,Clear,0,896.029,97.575,5
2017-05-27,18:26:12.099000,8.413,8.32869,Clear,0,895.593,97.549,5
2017-05-27,18:26:12.199000,8.602,8.51612,Clear,0,895.156,97.523,5
2017-05-27,18:26:12.299000,8.518,8.43132,Clear,0,894.72,97.498,5
2017-05-27,18:26:12.399000,8.519,8.42982,Clear,0,894.284,97.472,5
2017-05-27,18:26:12.499000,8.524,8.43403,Clear,0,893.849,97.446,5
2017-05-27,18:26:12.599000,8.282,8.19011,Clear,0,893.414,97.42,5
2017-05-27,18:26:12.699000,8.559,8.46494,Clear,0,892.979,97.394,5
2017-05-27,18:26:12.799000,8.446,8.35091,Clear,0,892.544,97.368,5
2017-05-27,18:26:12.999000,8.586,8.48777,Clear,0,891.677,97.316,5
2017-05-27,18:26:13.099000,8.568,8.46818,Clear,0,891.244,97.29,5
2017-05-27,18:26:13.199000,8.523,8.42087,Clear,0,890.811,97.264,5
2017-05-27,18:26:13.299000,8.399,8.29618,Clear,0,890.378,97.238,5
2017-05-27,18:26:13.399000,8.23,8.12483,Clear,0,889.946,97.212,5
2017-05-27,18:26:13.499000,8.518,8.41131,Clear,0,889.514,97.186,5
2017-05-27,18:26:13.599000,8.423,8.31521,Clear,0,889.083,97.16,5
2017-05-27,18:26:13.699000,8.321,8.21054,Clear,0,888.652,97.134,5
2017-05-27,18:26:13.799000,8.107,7.99581,Clear,0,888.221,97.108,5
2017-05-27,18:26:13.899000,8.443,8.32947,Clear,0,887.791,97.081,5
2017-05-27,18:26:13.999000,8.578,8.46344,Clear,0,887.361,97.055,5
2017-05-27,18:26:14.099000,8.248,8.13229,Clear,0,886.932,97.029,5
2017-05-27,18:26:14.199000,8.431,8.31312,Clear,0,886.503,97.003,5
2017-05-27,18:26:14.299000,8.444,8.32496,Clear,0,886.074,96.976,5
2017-05-27,18:26:14.399000,8.389,8.26837,Clear,0,885.645,96.95,5
2017-05-27,18:26:14.499000,8.453,8.33035,Clear,0,885.217,96.924,5
2017-05-27,18:26:14.599000,8.414,8.29044,Clear,0,884.79,96.897,5
2017-05-27,18:26:14.699000,8.834,8.70789,Clear,0,884.363,96.871,5
2017-05-27,18:26:14.799000,8.477,8.34929,Clear,0,883.936,96.844,5
2017-05-27,18:26:14.899000,8.291,8.16159,Clear,0,883.509,96.818,5
2017-05-27,18:26:14.999000,8.451,8.32012,Clear,0,883.083,96.791,5
2017-05-27,18:26:15.099000,8.29,8.15754,Clear,0,882.657,96.765,5
2017-05-27,18:26:15.199000,8.507,8.37251,Clear,0,882.232,96.738,5
2017-05-27,18:26:15.299000,8.426,8.28957,Clear,0,881.807,96.712,5
2017-05-27,18:26:15.399000,8.366,8.22903,Clear,0,881.383,96.685,5
2017-05-27,18:26:15.499000,8.36,8.22127,Clear,0,880.958,96.659,5
2017-05-27,18:26:15.599000,8.607,8.46736,Clear,0,880.535,96.632,5
2017-05-27,18:26:15.699000,8.41,8.26755,Clear,0,880.111,96.605,5
2017-05-27,18:26:15.799000,8.432,8.28797,Clear,0,879.688,96.579,5
2017-05-27,18:26:15.899000,8.324,8.17885,Clear,0,879.265,96.552,5
2017-05-27,18:26:15.999000,8.308,8.16103,Clear,0,878.843,96.525,5
2017-05-27,18:26:16.099000,8.507,8.35826,Clear,0,878.421,96.498,5
2017-05-27,18:26:16.199000,8.271,8.1211,Clear,0,878.0,96.472,5
2017-05-27,18:26:16.299000,8.46,8.30757,Clear,0,877.579,96.445,5
2017-05-27,18:26:16.399000,8.274,8.12129,Clear,0,877.158,96.418,5
2017-05-27,18:26:16.499000,8.465,8.31023,Clear,0,876.738,96.391,5
2017-05-27,18:26:16.599000,8.44,8.28278,Clear,0,876.318,96.364,5
2017-05-27,18:26:16.699000,8.309,8.15074,Clear,0,875.898,96.337,5
2017-05-27,18:26:16.799000,8.352,8.19228,Clear,0,875.479,96.31,5
2017-05-27,18:26:16.899000,8.213,8.0522,Clear,0,875.06,96.283,5
2017-05-27,18:26:16.999000,8.529,8.36627,Clear,0,874.642,96.256,5
2017-05-27,18:26:17.099000,8.391,8.22586,Clear,0,874.224,96.229,5
2017-05-27,18:26:17.199000,8.293,8.12724,Clear,0,873.806,96.202,5
2017-05-27,18:26:17.299000,8.168,8.00001,Clear,0,873.389,96.175,5
2017-05-27,18:26:17.399000,8.365,8.19597,Clear,0,872.972,96.148,5
2017-05-27,18:26:17.499000,8.439,8.26799,Clear,0,872.556,96.121,5
2017-05-27,18:26:17.598000,8.223,8.05041,Clear,0,872.144,96.094,5
2017-05-27,18:26:17.698000,8.442,8.26842,Clear,0,871.728,96.067,5
2017-05-27,18:26:17.798000,8.158,7.98221,Clear,0,871.313,96.039,5
2017-05-27,18:26:17.798000,8.697,8.52125,Clear,0,871.313,96.039,7
2017-05-27,18:26:17.898000,8.488,8.31094,Clear,0,870.898,96.012,5
2017-05-27,18:26:17.898000,8.483,8.30565,Clear,0,870.898,96.012,7
2017-05-27,18:26:17.998000,8.357,8.17766,Clear,0,870.484,95.985,5
2017-05-27,18:26:17.998000,8.338,8.15882,Clear,0,870.484,95.985,7
2017-05-27,18:26:18.098000,8.178,7.99647,Clear,0,870.07,95.958,5
2017-05-27,18:26:18.098000,8.605,8.42382,Clear,0,870.07,95.958,7
2017-05-27,18:26:18.198000,8.201,8.01866,Clear,0,869.656,95.93,5
2017-05-27,18:26:18.298000,8.378,8.19392,Clear,0,869.243,95.903,5
2017-05-27,18:26:18.298000,8.316,8.13147,Clear,0,869.243,95.903,7
2017-05-27,18:26:18.398000,8.411,8.22632,Clear,0,868.83,95.876,5
2017-05-27,18:26:18.398000,8.502,8.31708,Clear,0,868.83,95.876,7
2017-05-27,18:26:18.498000,8.493,8.30562,Clear,0,868.417,95.848,5
2017-05-27,18:26:18.498000,8.372,8.18501,Clear,0,868.417,95.848,7
2017-05-27,18:26:18.598000,8.458,8.26857,Clear,0,868.005,95.821,5
2017-05-27,18:26:18.598000,8.543,8.35411,Clear,0,868.005,95.821,7
2017-05-27,18:26:18.698000,8.496,8.30579,Clear,0,867.594,95.793,5
2017-05-27,18:26:18.698000,8.561,8.37119,Clear,0,867.594,95.793,7
2017-05-27,18:26:18.798000,8.378,8.18584,Clear,0,867.182,95.766,5
2017-05-27,18:26:18.798000,8.464,8.27188,Clear,0,867.182,95.766,7
2017-05-27,18:26:18.898000,8.508,8.31424,Clear,0,866.772,95.738,5
2017-05-27,18:26:18.898000,8.619,8.42516,Clear,0,866.772,95.738,7
2017-05-27,18:26:18.998000,8.486,8.29092,Clear,0,866.361,95.711,5
2017-05-27,18:26:18.998000,8.238,8.0432,Clear,0,866.361,95.711,7
2017-05-27,18:26:19.098000,8.669,8.47153,Clear,0,865.951,95.683,5
2017-05-27,18:26:19.098000,8.396,8.19862,Clear,0,865.951,95.683,7
2017-05-27,18:26:19.198000,8.46,8.26185,Clear,0,865.541,95.656,7
2017-05-27,18:26:19.398000,8.067,7.86487,Clear,0,864.723,95.6,7
2017-05-27,18:26:19.498000,8.698,8.49539,Clear,0,864.315,95.573,7
2017-05-27,18:26:19.598000,8.661,8.45614,Clear,0,863.907,95.545,7
2017-05-27,18:26:19.698000,8.453,8.24669,Clear,0,863.499,95.517,7
2017-05-27,18:26:19.798000,8.381,8.1727,Clear,0,863.092,95.49,7
2017-05-27,18:26:19.898000,8.381,8.17053,Clear,0,862.685,95.462,7
2017-05-27,18:26:19.998000,8.723,8.51233,Clear,0,862.279,95.434,7
2017-05-27,18:26:20.098000,8.186,7.97277,Clear,0,861.873,95.406,7
2017-05-27,18:26:20.198000,8.361,8.14684,Clear,0,861.467,95.378,7
2017-05-27,18:26:20.298000,8.38,8.16373,Clear,0,861.062,95.35,7
2017-05-27,18:26:20.398000,8.312,8.09354,Clear,0,860.657,95.323,7
2017-05-27,18:26:20.498000,8.72,8.50046,Clear,0,860.253,95.295,7
2017-05-27,18:26:20.598000,8.336,8.11468,Clear,0,859.849,95.267,7
2017-05-27,18:26:20.698000,8.436,8.21379,Clear,0,859.446,95.239,7
2017-05-27,18:26:20.798000,8.339,8.11525,Clear,0,859.043,95.211,7
2017-05-27,18:26:20.898000,8.464,8.23777,Clear,0,858.64,95.183,7
2017-05-27,18:26:20.998000,8.318,8.09143,Clear,0,858.238,95.155,7
2017-05-27,18:26:21.098000,8.218,7.98867,Clear,0,857.836,95.127,7
2017-05-27,18:26:21.198000,8.503,8.27328,Clear,0,857.434,95.098,7
2017-05-27,18:26:21.298000,8.546,8.31424,Clear,0,857.033,95.07,7
2017-05-27,18:26:21.398000,8.248,8.01382,Clear,0,856.633,95.042,7
2017-05-27,18:26:21.498000,8.529,8.29396,Clear,0,856.233,95.014,7
2017-05-27,18:26:21.598000,8.218,7.98125,Clear,0,855.833,94.986,7
2017-05-27,18:26:21.698000,8.418,8.1795,Clear,0,855.433,94.957,7
2017-05-27,18:26:21.798000,8.144,7.90404,Clear,0,855.035,94.929,7
2017-05-27,18:26:21.898000,8.308,8.06643,Clear,0,854.636,94.901,7
2017-05-27,18:26:21.998000,8.138,7.89524,Clear,0,854.238,94.873,7
2017-05-27,18:26:22.098000,8.325,8.07963,Clear,0,853.84,94.844,7
2017-05-27,18:26:22.198000,8.322,8.07575,Clear,0,853.443,94.816,7
2017-05-27,18:26:22.298000,8.374,8.12569,Clear,0,853.046,94.787,7
2017-05-27,18:26:22.398000,8.232,7.98157,Clear,0,852.65,94.759,7
2017-05-27,18:26:22.498000,8.218,7.96736,Clear,0,852.254,94.731,7
2017-05-27,18:26:22.598000,8.397,8.14372,Clear,0,851.858,94.702,7
2017-05-27,18:26:22.698000,8.342,8.08785,Clear,0,851.463,94.674,7
2017-05-27,18:26:22.798000,8.563,8.30651,Clear,0,851.068,94.645,7
2017-05-27,18:26:22.898000,8.254,7.99601,Clear,0,850.674,94.616,7
2017-05-27,18:26:22.998000,8.324,8.06473,Clear,0,850.28,94.588,7
2017-05-27,18:26:23.098000,8.34,8.07886,Clear,0,849.887,94.559,7
2017-05-27,18:26:23.198000,8.25,7.98825,Clear,0,849.494,94.531,7
2017-05-27,18:26:23.298000,8.31,8.04644,Clear,0,849.101,94.502,7
2017-05-27,18:26:23.398000,8.308,8.04326,Clear,0,848.709,94.473,7
2017-05-27,18:26:23.498000,8.264,7.99704,Clear,0,848.318,94.444,7
2017-05-27,18:26:23.598000,8.314,8.04541,Clear,0,847.926,94.416,7
2017-05-27,18:26:23.698000,8.196,7.92637,Clear,0,847.535,94.387,7
2017-05-27,18:26:23.798000,8.277,8.0054,Clear,0,847.145,94.358,7
2017-05-27,18:26:23.898000,8.377,8.10365,Clear,0,846.755,94.329,7
2017-05-27,18:26:23.998000,8.378,8.1029,Clear,0,846.365,94.3,7
2017-05-27,18:26:24.098000,8.195,7.91812,Clear,0,845.976,94.272,7
2017-05-27,18:26:24.198000,8.501,8.22333,Clear,0,845.588,94.243,7
2017-05-27,18:26:24.298000,8.28,8.00008,Clear,0,845.199,94.214,7
2017-05-27,18:26:24.398000,8.354,8.0734,Clear,0,844.812,94.185,7
2017-05-27,18:26:24.498000,8.384,8.10055,Clear,0,844.424,94.156,7
2017-05-27,18:26:24.598000,8.344,8.05892,Clear,0,844.037,94.127,7
2017-05-27,18:26:24.698000,8.423,8.13725,Clear,0,843.651,94.098,7
2017-05-27,18:26:24.798000,8.411,8.12337,Clear,0,843.265,94.069,7
2017-05-27,18:26:24.898000,8.202,7.91281,Clear,0,842.879,94.04,7
2017-05-27,18:26:24.998000,8.432,8.14144,Clear,0,842.494,94.01,7
2017-05-27,18:26:25.098000,8.268,7.97627,Clear,0,842.109,93.981,7
2017-05-27,18:26:25.198000,8.354,8.06038,Clear,0,841.725,93.952,7
2017-05-27,18:26:25.298000,8.338,8.0421,Clear,0,841.341,93.923,7
2017-05-27,18:26:25.398000,8.205,7.90834,Clear,0,840.957,93.894,7
2017-05-27,18:26:25.498000,8.283,7.98382,Clear,0,840.574,93.864,7
2017-05-27,18:26:25.598000,8.148,7.84806,Clear,0,840.192,93.835,7
2017-05-27,18:26:25.698000,8.283,7.98073,Clear,0,839.81,93.806,7
2017-05-27,18:26:25.798000,8.253,7.94857,Clear,0,839.428,93.777,7
2017-05-27,18:26:25.898000,8.301,7.99558,Clear,0,839.047,93.747,7
2017-05-27,18:26:25.998000,8.237,7.92985,Clear,0,838.666,93.718,7
2017-05-27,18:26:26.098000,8.259,7.95067,Clear,0,838.286,93.688,7
2017-05-27,18:26:26.198000,8.228,7.91796,Clear,0,837.906,93.659,7
2017-05-27,18:26:26.298000,8.463,8.15215,Clear,0,837.526,93.63,7
2017-05-27,18:26:26.398000,8.333,8.01954,Clear,0,837.148,93.6,7
2017-05-27,18:26:26.498000,8.238,7.92248,Clear,0,836.769,93.571,7
2017-05-27,18:26:26.598000,8.295,7.97919,Clear,0,836.391,93.541,7
2017-05-27,18:26:26.698000,8.252,7.93432,Clear,0,836.013,93.511,7
2017-05-27,18:26:26.798000,8.208,7.88871,Clear,0,835.636,93.482,7
2017-05-27,18:26:26.898000,8.325,8.00443,Clear,0,835.259,93.452,7
2017-05-27,18:26:26.998000,8.32,7.99746,Clear,0,834.883,93.423,7
2017-05-27,18:26:27.098000,8.346,8.02184,Clear,0,834.507,93.393,7
2017-05-27,18:26:27.198000,8.293,7.9674,Clear,0,834.132,93.363,7
2017-05-27,18:26:27.298000,8.322,7.99496,Clear,0,833.757,93.333,7
2017-05-27,18:26:27.398000,8.152,7.82344,Clear,0,833.382,93.304,7
2017-05-27,18:26:27.498000,8.285,7.95453,Clear,0,833.008,93.274,7
2017-05-27,18:26:27.598000,8.357,8.02457,Clear,0,832.635,93.244,7
2017-05-27,18:26:27.698000,8.221,7.88821,Clear,0,832.262,93.214,7
2017-05-27,18:26:27.798000,8.371,8.03594,Clear,0,831.889,93.184,7
2017-05-27,18:26:27.898000,8.299,7.96241,Clear,0,831.517,93.155,7
2017-05-27,18:26:27.998000,8.167,7.82914,Clear,0,831.145,93.125,7
2017-05-27,18:26:28.098000,8.26,7.91987,Clear,0,830.774,93.095,7
2017-05-27,18:26:28.198000,8.057,7.71622,Clear,0,830.403,93.065,7
2017-05-27,18:26:28.298000,8.362,8.01917,Clear,0,830.032,93.035,7
2017-05-27,18:26:28.398000,8.136,7.79185,Clear,0,829.663,93.005,7
2017-05-27,18:26:28.498000,8.353,8.00668,Clear,0,829.293,92.975,7
2017-05-27,18:26:28.598000,8.241,7.89266,Clear,0,828.924,92.945,7
2017-05-27,18:26:28.698000,8.21,7.86083,Clear,0,828.556,92.914,7
2017-05-27,18:26:28.798000,8.226,7.87475,Clear,0,828.187,92.884,7
2017-05-27,18:26:28.898000,8.254,7.90201,Clear,0,827.82,92.854,7
2017-05-27,18:26:28.998000,8.214,7.85982,Clear,0,827.453,92.824,7
2017-05-27,18:26:29.098000,8.388,8.03249,Clear,0,827.086,92.794,7
2017-05-27,18:26:29.198000,8.403,8.04605,Clear,0,826.72,92.764,7
2017-05-27,18:26:29.298000,8.284,7.92512,Clear,0,826.354,92.733,7
2017-05-27,18:26:29.398000,8.35,7.9903,Clear,0,825.989,92.703,7
2017-05-27,18:26:29.498000,8.253,7.89107,Clear,0,825.624,92.673,7
2017-05-27,18:26:29.598000,8.424,8.06048,Clear,0,825.26,92.642,7
2017-05-27,18:26:29.698000,8.268,7.90252,Clear,0,824.896,92.612,7
2017-05-27,18:26:29.798000,8.216,7.84945,Clear,0,824.532,92.582,7
2017-05-27,18:26:29.898000,8.085,7.71676,Clear,0,824.169,92.551,7
2017-05-27,18:26:29.998000,8.319,7.95036,Clear,0,823.807,92.521,7
2017-05-27,18:26:30.098000,8.261,7.89028,Clear,0,823.445,92.49,7
2017-05-27,18:26:30.198000,8.428,8.05473,Clear,0,823.083,92.46,7
2017-05-27,18:26:30.298000,8.383,8.0085,Clear,0,822.722,92.429,7
2017-05-27,18:26:30.398000,8.19,7.81362,Clear,0,822.362,92.399,7
2017-05-27,18:26:30.498000,8.048,7.67051,Clear,0,822.001,92.368,7
2017-05-27,18:26:30.598000,8.255,7.87626,Clear,0,821.642,92.338,7
2017-05-27,18:26:30.798000,8.309,7.92738,Clear,0,820.924,92.276,7
2017-05-27,18:26:30.898000,8.352,7.96881,Clear,0,820.566,92.246,7
2017-05-27,18:26:30.998000,8.322,7.93723,Clear,0,820.208,92.215,7
2017-05-27,18:26:31.098000,8.189,7.80155,Clear,0,819.851,92.184,7
2017-05-27,18:26:31.198000,8.35,7.96212,Clear,0,819.494,92.153,7
2017-05-27,18:26:31.298000,8.283,7.89274,Clear,0,819.138,92.123,7
2017-05-27,18:26:31.398000,8.191,7.79986,Clear,0,818.782,92.092,7
2017-05-27,18:26:31.498000,8.354,7.9606,Clear,0,818.426,92.061,7
2017-05-27,18:26:31.598000,8.383,7.98858,Clear,0,818.071,92.03,7
2017-05-27,18:26:31.698000,8.151,7.75493,Clear,0,817.717,91.999,7
2017-05-27,18:26:31.798000,8.275,7.87745,Clear,0,817.363,91.968,7
2017-05-27,18:26:31.998000,8.34,7.93994,Clear,0,816.657,91.907,7
2017-05-27,18:26:32.098000,8.142,7.73985,Clear,0,816.304,91.876,7
2017-05-27,18:26:32.198000,8.218,7.81402,Clear,0,815.952,91.845,7
2017-05-27,18:26:32.298000,8.188,7.78344,Clear,0,815.601,91.813,7
2017-05-27,18:26:32.398000,8.244,7.83713,Clear,0,815.25,91.782,7
2017-05-27,18:26:32.498000,8.187,7.77888,Clear,0,814.899,91.751,7
2017-05-27,18:26:32.598000,8.227,7.81706,Clear,0,814.549,91.72,7
2017-05-27,18:26:32.698000,8.349,7.93841,Clear,0,814.199,91.689,7
2017-05-27,18:26:32.798000,8.295,7.88151,Clear,0,813.85,91.658,7
2017-05-27,18:26:32.898000,8.245,7.83117,Clear,0,813.502,91.627,7
2017-05-27,18:26:32.998000,8.292,7.87547,Clear,0,813.154,91.595,7
2017-05-27,18:26:33.098000,8.229,7.81197,Clear,0,812.806,91.564,7
2017-05-27,18:26:33.198000,8.23,7.81057,Clear,0,812.459,91.533,7
2017-05-27,18:26:33.298000,8.298,7.87737,Clear,0,812.112,91.502,7
2017-05-27,18:26:33.398000,8.285,7.8625,Clear,0,811.766,91.47,7
2017-05-27,18:26:33.498000,8.262,7.83781,Clear,0,811.421,91.439,7
2017-05-27,18:26:33.598000,8.327,7.90149,Clear,0,811.075,91.408,7
2017-05-27,18:26:33.698000,8.346,7.91927,Clear,0,810.731,91.376,7
2017-05-27,18:26:33.798000,8.263,7.835,Clear,0,810.386,91.345,7
2017-05-27,18:26:33.898000,8.201,7.77135,Clear,0,810.043,91.313,7
2017-05-27,18:26:33.998000,8.196,7.7652,Clear,0,809.7,91.282,7
2017-05-27,18:26:34.098000,8.228,7.79479,Clear,0,809.357,91.25,7
2017-05-27,18:26:34.198000,8.23,7.79607,Clear,0,809.015,91.219,7
2017-05-27,18:26:34.298000,8.192,7.75628,Clear,0,808.673,91.187,7
2017-05-27,18:26:34.398000,8.12,7.68326,Clear,0,808.332,91.156,7
2017-05-27,18:26:34.498000,8.259,7.81975,Clear,0,807.991,91.124,7
2017-05-27,18:26:34.598000,8.084,7.64428,Clear,0,807.651,91.092,7
2017-05-27,18:26:34.698000,8.103,7.66046,Clear,0,807.311,91.061,7
2017-05-27,18:26:34.798000,8.214,7.77142,Clear,0,806.972,91.029,7
2017-05-27,18:26:34.898000,8.192,7.74665,Clear,0,806.633,90.997,7
2017-05-27,18:26:34.998000,8.287,7.83966,Clear,0,806.295,90.966,7
2017-05-27,18:26:35.098000,8.149,7.70078,Clear,0,805.957,90.934,7
2017-05-27,18:26:35.198000,8.246,7.79603,Clear,0,805.62,90.902,7
2017-05-27,18:26:35.298000,8.261,7.80982,Clear,0,805.283,90.87,7
2017-05-27,18:26:35.398000,8.215,7.76232,Clear,0,804.947,90.838,7
2017-05-27,18:26:35.498000,8.281,7.82669,Clear,0,804.612,90.806,7
2017-05-27,18:26:35.598000,8.158,7.70177,Clear,0,804.276,90.775,7
2017-05-27,18:26:35.698000,8.117,7.65963,Clear,0,803.942,90.743,7
2017-05-27,18:26:35.798000,8.34,7.88123,Clear,0,803.608,90.711,7
2017-05-27,18:26:35.898000,8.113,7.65324,Clear,0,803.274,90.679,7
2017-05-27,18:26:35.998000,8.122,7.66023,Clear,0,802.941,90.647,7
2017-05-27,18:26:36.098000,8.154,7.69069,Clear,0,802.608,90.615,7
2017-05-27,18:26:36.198000,8.137,7.67213,Clear,0,802.276,90.583,7
2017-05-27,18:26:36.298000,8.133,7.66689,Clear,0,801.944,90.551,7
2017-05-27,18:26:36.398000,8.264,7.79551,Clear,0,801.613,90.519,7
2017-05-27,18:26:36.498000,8.104,7.63526,Clear,0,801.282,90.486,7
2017-05-27,18:26:36.598000,8.16,7.6892,Clear,0,800.952,90.454,7
2017-05-27,18:26:36.698000,8.068,7.59557,Clear,0,800.623,90.422,7
2017-05-27,18:26:36.798000,8.002,7.52773,Clear,0,800.294,90.39,7
2017-05-27,18:26:36.898000,8.097,7.62163,Clear,0,799.965,90.358,7
2017-05-27,18:26:36.998000,8.193,7.71566,Clear,0,799.637,90.325,7
2017-05-27,18:26:37.098000,8.169,7.69129,Clear,0,799.31,90.293,7
2017-05-27,18:26:37.198000,8.13,7.64981,Clear,0,798.983,90.261,7
2017-05-27,18:26:37.298000,8.18,7.69861,Clear,0,798.656,90.229,7
2017-05-27,18:26:37.398000,8.345,7.86178,Clear,0,798.33,90.196,7
2017-05-27,18:26:37.498000,8.269,7.78489,Clear,0,798.005,90.164,7
2017-05-27,18:26:37.598000,8.141,7.65495,Clear,0,797.68,90.131,7
2017-05-27,18:26:37.698000,8.221,7.73425,Clear,0,797.355,90.099,7
2017-05-27,18:26:37.798000,8.272,7.78256,Clear,0,797.031,90.067,7
2017-05-27,18:26:37.898000,8.119,7.62885,Clear,0,796.708,90.034,7
2017-05-27,18:26:37.998000,8.199,7.70723,Clear,0,796.385,90.002,7
2017-05-27,18:26:38.098000,8.294,7.80064,Clear,0,796.063,89.969,7
2017-05-27,18:26:38.198000,8.056,7.56094,Clear,0,795.741,89.936,7
2017-05-27,18:26:38.298000,8.237,7.74095,Clear,0,795.419,89.904,7
2017-05-27,18:26:38.398000,8.167,7.66857,Clear,0,795.099,89.871,7
2017-05-27,18:26:38.498000,8.053,7.55396,Clear,0,794.778,89.839,7
2017-05-27,18:26:38.598000,8.011,7.51015,Clear,0,794.459,89.806,7
2017-05-27,18:26:38.698000,8.005,7.50311,Clear,0,794.139,89.773,7
2017-05-27,18:26:38.798000,8.213,7.70853,Clear,0,793.821,89.741,7
2017-05-27,18:26:38.898000,8.1,7.59447,Clear,0,793.503,89.708,7
2017-05-27,18:26:38.998000,8.104,7.59692,Clear,0,793.185,89.675,7
2017-05-27,18:26:39.098000,8.146,7.63763,Clear,0,792.868,89.642,7
2017-05-27,18:26:39.198000,7.959,7.4489,Clear,0,792.551,89.61,7
2017-05-27,18:26:39.298000,8.283,7.77207,Clear,0,792.235,89.577,7
2017-05-27,18:26:39.398000,8.109,7.59591,Clear,0,791.92,89.544,7
2017-05-27,18:26:39.498000,8.115,7.6009,Clear,0,791.605,89.511,7
2017-05-27,18:26:39.598000,8.055,7.53869,Clear,0,791.29,89.478,7
2017-05-27,18:26:39.698000,8.298,7.78083,Clear,0,790.976,89.445,7
2017-05-27,18:26:39.798000,8.166,7.64724,Clear,0,790.663,89.412,7
2017-05-27,18:26:39.898000,8.054,7.53417,Clear,0,790.35,89.379,7
2017-05-27,18:26:39.998000,8.026,7.50359,Clear,0,790.038,89.346,7
2017-05-27,18:26:40.098000,8.083,7.56044,Clear,0,789.726,89.313,7
2017-05-27,18:26:40.198000,8.244,7.71999,Clear,0,789.415,89.28,7
